3.360847605585784
2.1081215046374924
2.5886348780840422
3.1294809288357794
1.9000608761605715
1.3206210956476512
1.7080235589681048
0.9964043236068324
1.680098141383423
1.9858244941314955
1.9858244941314955
1.089348086453561
1.680098141383423
3.005645205915648
1.478729685358531
0.4866839450417899
0.6167385351938792
1.8061088008611994
0.9656340068981444
1.1091194546674856
1.1139575199545524
1.0688600094541219
0.8266765059374577
0.6590393148909387
0.4617140125732895
0.8092046763571886
1.4502919611967124
0.6845666959935156
0.9328486716673502
2.516488374313685
0.971939108480087
0.4617140125732895
0.790974071885366
1.4815160233372375
1.1821300644554373
0.6013183008535015
0.5850959882567891
0.7307450630454506
0.9592485679298022
0.5679573953237599
0.952780162039427
1.3708249212732957
0.8516221660155073
0.364350181312415
0.5303210017246625
0.6845666959935156
0.4019826269622425
0.6167385351938792
0.364350181312415
0.5850959882567891
0.5303210017246625
1.8596311267391694
0.8516221660155073
0.4019826269622425
0.5679573953237599
0.6845666959935156
0.4338293171392223
0.7307450630454506
0.7815470895807568
0.2503220769885948
0.3172146372639826
1.4116359007198913
0.7197303622054539
1.227684011056878
1.2776355000049726
0.5303210017246625
0.6845666959935156
0.4617140125732895
0.7083809216951199
1.9487861252171739
0.7307450630454506
0.2503220769885948
0.5497597779882185
0.4866839450417899
0.9843181709805979
0.4338293171392223
0.4338293171392223
0.364350181312415
0.4019826269622425
0.2503220769885948
0.6455284900293785
0.6720365467534266
0.9843181709805979
0.4617140125732895
0.7620061681340581
0.4019826269622425
0.4617140125732895
1.5633113504530993
0.8516221660155073
1.0475859385648798
0.9120610076484789
1.0583259705188786
0.3172146372639826
0.5497597779882185
0.3172146372639826
1.8286226261527851
0.6590393148909387
0.6013183008535015
0.7307450630454506
1.247353550738489
0.8434644122488738
0.9592485679298022
1.1139575199545524
0.5094028250814666
0.7414488322895513
0.8903180060090187
0.9049249082369674
0.3172146372639826
0.4019826269622425
0.364350181312415
0.2503220769885948
0.3172146372639826
0.5497597779882185
0.4866839450417899
0.7518628747158366
0.9190911197707942
0.7307450630454506
1.79656646319873
0.4338293171392223
0.5850959882567891
0.6966698688937693
1.5880106856348104
0.8828381516023945
1.2739256860613621
0.8976787018688779
0.6167385351938792
0.4617140125732895
0.2503220769885948
0.5303210017246625
0.8596320709428009
0.6720365467534266
0.6845666959935156
0.7197303622054539
0.7815470895807568
0.8903180060090187
0.8266765059374577
0.631449659813739
0.3172146372639826
0.6013183008535015
1.0636181171742707
0.5497597779882185
0.6455284900293785
0.7815470895807568
0.7083809216951199
0.5094028250814666
0.5094028250814666
0.7620061681340581
0.6590393148909387
0.4617140125732895
2.568556183586597
0.7083809216951199
0.2503220769885948
0.6455284900293785
0.8828381516023945
0.9120610076484789
0.2503220769885948
0.4019826269622425
0.4866839450417899
0.6013183008535015
0.2503220769885948
0.5497597779882185
1.155787396718575
0.3172146372639826
0.2503220769885948
0.2503220769885948
0.3172146372639826
0.4617140125732895
0.364350181312415
0.4617140125732895
0.4338293171392223
0.4617140125732895
0.2503220769885948
0.4019826269622425
0.4019826269622425
0.6167385351938792
0.2503220769885948
0.364350181312415
0.2503220769885948
0.2503220769885948
0.2503220769885948
0.5497597779882185
0.6720365467534266
0.364350181312415
0.2503220769885948
0.3172146372639826
0.5303210017246625
0.5094028250814666
0.5679573953237599
0.3172146372639826
0.631449659813739
0.4019826269622425
0.2503220769885948
0.2503220769885948
0.5679573953237599
0.4617140125732895
0.364350181312415
0.5850959882567891
0.4338293171392223
0.4338293171392223
0.7197303622054539
0.5303210017246625
0.2503220769885948
0.2503220769885948
1.1778180897845016
0.7197303622054539
0.2503220769885948
0.631449659813739
0.2503220769885948
0.4617140125732895
1.025445182346659
0.4617140125732895
0.2503220769885948
0.7307450630454506
1.9221977599129014
0.8752341566438374
0.5303210017246625
0.364350181312415
0.4866839450417899
0.4338293171392223
0.6167385351938792
0.4019826269622425
0.8351517362384213
0.3172146372639826
1.1375617653009207
0.8351517362384213
0.2503220769885948
0.6013183008535015
1.0197638169150929
0.8180304680739985
0.2503220769885948
0.4866839450417899
0.4617140125732895
0.4338293171392223
0.4866839450417899
0.4338293171392223
0.4617140125732895
0.5497597779882185
0.9328486716673502
0.4019826269622425
0.2503220769885948
0.4338293171392223
0.2503220769885948
0.8180304680739985
0.2503220769885948
0.8675006965625334
0.5850959882567891
0.4617140125732895
0.2503220769885948
0.4019826269622425
0.4866839450417899
0.2503220769885948
0.3172146372639826
0.790974071885366
0.6455284900293785
0.364350181312415
0.364350181312415
0.3172146372639826
0.2503220769885948
0.364350181312415
0.6720365467534266
0.4019826269622425
0.4019826269622425
0.4338293171392223
0.4019826269622425
0.5303210017246625
0.2503220769885948
0.3172146372639826
0.4338293171392223
0.6167385351938792
0.2503220769885948
0.6966698688937693
0.364350181312415
0.4338293171392223
0.7197303622054539
0.4338293171392223
0.6590393148909387
0.4019826269622425
0.631449659813739
0.7307450630454506
1.6489888202063914
0.6167385351938792
0.2503220769885948
0.2503220769885948
0.2503220769885948
0.364350181312415
0.8180304680739985
0.6966698688937693
0.4338293171392223
0.6167385351938792
0.4866839450417899
0.6167385351938792
0.8351517362384213
0.6013183008535015
0.2503220769885948
0.6455284900293785
0.4019826269622425
0.4338293171392223
0.364350181312415
0.2503220769885948
0.4019826269622425
0.364350181312415
1.1375617653009207
0.4019826269622425
0.2503220769885948
0.7815470895807568
0.4338293171392223
0.2503220769885948
0.2503220769885948
0.6720365467534266
0.7518628747158366
0.4338293171392223
0.364350181312415
0.5497597779882185
0.2503220769885948
0.364350181312415
0.3172146372639826
0.4019826269622425
0.6455284900293785
0.6455284900293785
0.2503220769885948
0.2503220769885948
0.3172146372639826
0.4019826269622425
0.3172146372639826
0.364350181312415
0.7414488322895513
0.5303210017246625
0.6845666959935156
0.4617140125732895
0.4019826269622425
0.364350181312415
0.3172146372639826
0.4617140125732895
0.5094028250814666
0.3172146372639826
0.7414488322895513
0.6167385351938792
0.6720365467534266
0.3172146372639826
0.5303210017246625
0.4338293171392223
0.5497597779882185
0.7815470895807568
0.364350181312415
0.2503220769885948
0.3172146372639826
0.3172146372639826
0.4617140125732895
0.5850959882567891
0.3172146372639826
0.5497597779882185
0.4019826269622425
0.5497597779882185
0.2503220769885948
0.3172146372639826
0.3172146372639826
0.3172146372639826
0.6966698688937693
0.8266765059374577
0.8180304680739985
0.4617140125732895
0.2503220769885948
0.4019826269622425
0.4866839450417899
0.2503220769885948
0.8180304680739985
0.4019826269622425
0.952780162039427
0.4019826269622425
0.4617140125732895
0.4338293171392223
0.5497597779882185
0.4338293171392223
0.5850959882567891
0.2503220769885948
0.7414488322895513
0.7307450630454506
1.2395578301771564
1.923880352476269
0.5303210017246625
0.2503220769885948
1.0688600094541219
0.5303210017246625
0.3172146372639826
0.5303210017246625
0.7414488322895513
0.3172146372639826
0.2503220769885948
0.6013183008535015
0.2503220769885948
0.2503220769885948
0.2503220769885948
0.2503220769885948
0.2503220769885948
0.364350181312415
0.8180304680739985
0.364350181312415
0.6013183008535015
0.4866839450417899
0.3172146372639826
0.3172146372639826
0.2503220769885948
0.364350181312415
0.3172146372639826
0.4019826269622425
0.4338293171392223
0.4338293171392223
0.4019826269622425
0.5303210017246625
0.2503220769885948
0.8516221660155073
0.9120610076484789
0.4617140125732895
0.3172146372639826
0.364350181312415
0.2503220769885948
0.3172146372639826
0.3172146372639826
0.5303210017246625
0.5094028250814666
0.5497597779882185
0.2503220769885948
0.631449659813739
0.2503220769885948
0.4019826269622425
0.3172146372639826
0.2503220769885948
0.3172146372639826
0.3172146372639826
0.2503220769885948
0.4617140125732895
0.8266765059374577
0.5303210017246625
0.2503220769885948
0.4617140125732895
0.2503220769885948
0.364350181312415
0.6013183008535015
0.5303210017246625
0.6013183008535015
0.5094028250814666
0.4338293171392223
0.4338293171392223
0.2503220769885948
0.4019826269622425
0.4338293171392223
0.2503220769885948
0.4019826269622425
0.2503220769885948
0.2503220769885948
0.5850959882567891
0.3172146372639826
0.4019826269622425
0.364350181312415
0.2503220769885948
0.7197303622054539
0.7083809216951199
0.6013183008535015
1.8791762541598993
0.364350181312415
0.6167385351938792
0.2503220769885948
0.3172146372639826
0.5497597779882185
0.4866839450417899
1.266442958278545
0.3172146372639826
0.631449659813739
0.5303210017246625
0.364350181312415
0.6167385351938792
0.3172146372639826
0.364350181312415
0.7307450630454506
0.4338293171392223
0.4338293171392223
0.2503220769885948
0.4866839450417899
0.3172146372639826
0.2503220769885948
0.3172146372639826
0.5497597779882185
0.5850959882567891
0.5094028250814666
0.2503220769885948
0.2503220769885948
0.2503220769885948
0.3172146372639826
0.4019826269622425
0.2503220769885948
0.3172146372639826
0.631449659813739
0.4866839450417899
0.3172146372639826
0.5497597779882185
0.6455284900293785
0.4617140125732895
0.3172146372639826
0.364350181312415
0.2503220769885948
0.5497597779882185
0.5094028250814666
0.4338293171392223
0.2503220769885948
0.5679573953237599
0.5303210017246625
0.3172146372639826
0.8596320709428009
0.4866839450417899
0.5094028250814666
0.364350181312415
0.4019826269622425
0.2503220769885948
1.5352437452082082
0.5679573953237599
0.2503220769885948
0.4866839450417899
0.2503220769885948
1.7330422569562771
0.7307450630454506
0.4019826269622425
0.2503220769885948
0.3172146372639826
0.2503220769885948
0.4019826269622425
0.2503220769885948
0.5094028250814666
0.5094028250814666
0.4338293171392223
0.5497597779882185
0.9462260189389202
0.2503220769885948
0.3172146372639826
0.2503220769885948
0.4866839450417899
0.6720365467534266
0.4338293171392223
0.8001894087727897
0.4617140125732895
0.6845666959935156
0.5303210017246625
0.364350181312415
0.3172146372639826
0.3172146372639826
0.4019826269622425
0.2503220769885948
0.3172146372639826
0.6590393148909387
0.4338293171392223
0.3172146372639826
0.3172146372639826
0.3172146372639826
0.3172146372639826
0.5094028250814666
0.5094028250814666
0.2503220769885948
0.4338293171392223
0.2503220769885948
0.4617140125732895
0.4019826269622425
0.2503220769885948
0.5679573953237599
0.4617140125732895
0.364350181312415
0.3172146372639826
1.4146822152465655
0.5850959882567891
0.9328486716673502
0.4617140125732895
0.6720365467534266
0.4617140125732895
0.8516221660155073
0.4866839450417899
0.5850959882567891
0.5303210017246625
0.2503220769885948
0.364350181312415
0.2503220769885948
0.5679573953237599
0.4019826269622425
0.4019826269622425
0.7197303622054539
0.364350181312415
0.5850959882567891
0.4019826269622425
0.4617140125732895
0.2503220769885948
0.3172146372639826
0.364350181312415
1.104240381420377
1.4646438069506351
0.364350181312415
0.2503220769885948
0.5497597779882185
0.4019826269622425
0.364350181312415
0.2503220769885948
0.2503220769885948
0.364350181312415
0.2503220769885948
0.4019826269622425
0.8001894087727897
0.3172146372639826
0.3172146372639826
0.4019826269622425
0.4019826269622425
0.2503220769885948
0.3172146372639826
0.4019826269622425
0.4338293171392223
0.4617140125732895
0.2503220769885948
0.3172146372639826
0.2503220769885948
0.5303210017246625
0.2503220769885948
0.2503220769885948
0.2503220769885948
0.4019826269622425
0.631449659813739
0.364350181312415
0.2503220769885948
0.4019826269622425
0.2503220769885948
0.3172146372639826
0.6845666959935156
0.4338293171392223
0.3172146372639826
0.4019826269622425
0.3172146372639826
0.4019826269622425
1.737144942968608
0.8976787018688779
0.3172146372639826
0.364350181312415
0.5094028250814666
0.4338293171392223
0.2503220769885948
0.4338293171392223
0.2503220769885948
0.2503220769885948
0.2503220769885948
0.2503220769885948
0.364350181312415
0.3172146372639826
0.2503220769885948
0.3172146372639826
0.6720365467534266
0.7083809216951199
0.2503220769885948
0.3172146372639826
0.8434644122488738
0.3172146372639826
0.7518628747158366
0.364350181312415
0.2503220769885948
0.4019826269622425
0.2503220769885948
0.4617140125732895
0.3172146372639826
0.2503220769885948
1.0366294548315143
0.4617140125732895
0.6720365467534266
0.3172146372639826
0.2503220769885948
0.364350181312415
0.2503220769885948
0.4019826269622425
0.631449659813739
0.4019826269622425
0.2503220769885948
0.2503220769885948
0.364350181312415
0.3172146372639826
0.5094028250814666
0.6720365467534266
0.3172146372639826
0.2503220769885948
0.364350181312415
0.3172146372639826
0.5497597779882185
0.2503220769885948
0.2503220769885948
0.2503220769885948
0.4866839450417899
0.2503220769885948
0.6720365467534266
0.4338293171392223
0.4617140125732895
0.4019826269622425
0.2503220769885948
0.364350181312415
0.3172146372639826
0.2503220769885948
0.2503220769885948
0.3172146372639826
0.3172146372639826
0.4338293171392223
0.2503220769885948
0.364350181312415
0.4019826269622425
0.3172146372639826
0.2503220769885948
0.2503220769885948
0.2503220769885948
0.2503220769885948
0.364350181312415
0.2503220769885948
0.3172146372639826
0.4338293171392223
0.3172146372639826
0.2503220769885948
0.952780162039427
0.2503220769885948
0.2503220769885948
0.2503220769885948
0.971939108480087
0.3172146372639826
0.2503220769885948
0.2503220769885948
0.2503220769885948
0.2503220769885948
0.4338293171392223
0.6013183008535015
0.4866839450417899
0.4617140125732895
0.2503220769885948
0.4866839450417899
1.4085768667607264
0.2503220769885948
0.7083809216951199
0.2503220769885948
0.3172146372639826
0.4338293171392223
0.5850959882567891
0.364350181312415
0.8001894087727897
0.4338293171392223
0.3172146372639826
0.364350181312415
0.5850959882567891
0.2503220769885948
0.5850959882567891
0.2503220769885948
0.364350181312415
0.3172146372639826
0.2503220769885948
0.2503220769885948
0.6013183008535015
0.2503220769885948
0.3172146372639826
0.3172146372639826
0.4866839450417899
0.3172146372639826
0.3172146372639826
0.5094028250814666
0.2503220769885948
0.4338293171392223
0.6720365467534266
0.4338293171392223
0.2503220769885948
0.5303210017246625
0.3172146372639826
0.4866839450417899
0.3172146372639826
0.2503220769885948
0.2503220769885948
0.4019826269622425
0.2503220769885948
0.3172146372639826
0.2503220769885948
0.3172146372639826
0.3172146372639826
0.2503220769885948
0.4338293171392223
0.364350181312415
0.3172146372639826
0.364350181312415
0.631449659813739
0.2503220769885948
0.4019826269622425
0.3172146372639826
0.2503220769885948
0.2503220769885948
0.4338293171392223
0.364350181312415
0.5497597779882185
0.364350181312415
0.5850959882567891
0.364350181312415
0.4617140125732895
0.2503220769885948
0.7307450630454506
0.364350181312415
0.6845666959935156
0.6167385351938792
0.2503220769885948
0.3172146372639826
0.2503220769885948
0.2503220769885948
0.3172146372639826
0.364350181312415
0.2503220769885948
0.2503220769885948
0.6167385351938792
0.4617140125732895
0.2503220769885948
0.4019826269622425
0.3172146372639826
0.2503220769885948
0.364350181312415
0.3172146372639826
0.8001894087727897
0.2503220769885948
0.364350181312415
0.2503220769885948
0.4019826269622425
0.4338293171392223
0.3172146372639826
0.2503220769885948
0.3172146372639826
0.2503220769885948
0.2503220769885948
0.4617140125732895
0.3172146372639826
0.3172146372639826
0.2503220769885948
0.2503220769885948
0.3172146372639826
0.364350181312415
0.2503220769885948
0.2503220769885948
0.3172146372639826
0.4617140125732895
0.2503220769885948
0.2503220769885948
1.8193070616576845
0.7815470895807568
0.4019826269622425
0.364350181312415
0.2503220769885948
0.2503220769885948
0.4338293171392223
0.3172146372639826
0.2503220769885948
0.364350181312415
0.2503220769885948
0.2503220769885948
0.631449659813739
0.4019826269622425
0.364350181312415
0.5497597779882185
0.9120610076484789
0.2503220769885948
0.5094028250814666
0.364350181312415
0.4866839450417899
0.4019826269622425
0.364350181312415
0.4019826269622425
0.2503220769885948
0.3172146372639826
0.2503220769885948
0.4019826269622425
1.7016573900118064
0.5094028250814666
0.4866839450417899
0.3172146372639826
0.4338293171392223
0.5303210017246625
0.3172146372639826
0.4617140125732895
0.364350181312415
0.2503220769885948
0.364350181312415
0.2503220769885948
0.6720365467534266
0.2503220769885948
0.4019826269622425
0.4019826269622425
0.5094028250814666
0.3172146372639826
0.4338293171392223
0.5094028250814666
0.364350181312415
0.364350181312415
0.2503220769885948
0.364350181312415
0.4617140125732895
0.2503220769885948
2.0910741997869535
0.5850959882567891
0.3172146372639826
0.4617140125732895
0.2503220769885948
0.5679573953237599
0.2503220769885948
0.4019826269622425
0.3172146372639826
0.3172146372639826
0.4338293171392223
0.4338293171392223
0.5850959882567891
0.7718957730642586
0.4866839450417899
0.4019826269622425
0.4338293171392223
0.3172146372639826
0.2503220769885948
0.3172146372639826
0.6455284900293785
0.2503220769885948
0.4866839450417899
0.2503220769885948
0.364350181312415
0.4617140125732895
0.3172146372639826
0.4019826269622425
0.2503220769885948
0.364350181312415
0.364350181312415
0.3172146372639826
0.4866839450417899
0.2503220769885948
0.364350181312415
0.364350181312415
0.2503220769885948
0.2503220769885948
0.4019826269622425
0.364350181312415
1.870340876645342
0.4338293171392223
0.7083809216951199
0.3172146372639826
0.2503220769885948
0.364350181312415
0.5679573953237599
0.5303210017246625
0.2503220769885948
0.2503220769885948
0.4338293171392223
0.2503220769885948
0.4866839450417899
0.2503220769885948
0.2503220769885948
0.364350181312415
0.6966698688937693
0.4866839450417899
0.3172146372639826
0.5303210017246625
0.2503220769885948
0.2503220769885948
1.1646961373843334
0.4019826269622425
0.3172146372639826
0.2503220769885948
0.2503220769885948
0.2503220769885948
0.6013183008535015
0.2503220769885948
0.2503220769885948
0.3172146372639826
0.4617140125732895
0.6013183008535015
0.2503220769885948
0.4617140125732895
0.790974071885366
0.364350181312415
0.364350181312415
0.2503220769885948
0.5679573953237599
0.2503220769885948
0.3172146372639826
0.364350181312415
0.7620061681340581
1.1091194546674856
0.3172146372639826
0.4617140125732895
0.2503220769885948
0.2503220769885948
0.364350181312415
0.3172146372639826
0.2503220769885948
0.364350181312415
0.2503220769885948
0.4866839450417899
0.2503220769885948
0.3172146372639826
0.4617140125732895
0.2503220769885948
0.5850959882567891
0.3172146372639826
0.2503220769885948
0.3172146372639826
0.2503220769885948
0.3172146372639826
0.2503220769885948
0.2503220769885948
0.4019826269622425
0.2503220769885948
0.2503220769885948
0.3172146372639826
0.4866839450417899
0.2503220769885948
0.2503220769885948
0.3172146372639826
0.3172146372639826
0.3172146372639826
0.364350181312415
0.2503220769885948
0.3172146372639826
0.2503220769885948
0.4866839450417899
0.4617140125732895
0.5303210017246625
0.364350181312415
0.2503220769885948
0.3172146372639826
0.3172146372639826
0.3172146372639826
0.364350181312415
0.2503220769885948
0.2503220769885948
0.364350181312415
0.3172146372639826
0.4019826269622425
0.3172146372639826
0.2503220769885948
0.2503220769885948
0.2503220769885948
0.3172146372639826
0.4338293171392223
0.7815470895807568
0.2503220769885948
0.2503220769885948
0.2503220769885948
0.9781663711161057
1.2886422435590725
0.2503220769885948
0.3172146372639826
0.4866839450417899
0.364350181312415
0.4866839450417899
0.2503220769885948
0.7414488322895513
0.5094028250814666
0.2503220769885948
0.4019826269622425
0.364350181312415
0.3172146372639826
1.1734754825323837
0.6720365467534266
0.7197303622054539
0.5094028250814666
0.2503220769885948
0.4019826269622425
0.364350181312415
0.364350181312415
0.2503220769885948
0.2503220769885948
0.364350181312415
0.3172146372639826
0.364350181312415
0.2503220769885948
0.2503220769885948
0.2503220769885948
0.2503220769885948
0.5850959882567891
0.2503220769885948
0.4019826269622425
0.2503220769885948
0.2503220769885948
0.2503220769885948
0.3172146372639826
0.4019826269622425
0.4338293171392223
0.364350181312415
0.3172146372639826
0.5497597779882185
0.4338293171392223
0.2503220769885948
0.3172146372639826
0.4866839450417899
0.2503220769885948
0.3172146372639826
0.2503220769885948
0.5679573953237599
0.2503220769885948
0.4338293171392223
0.2503220769885948
0.2503220769885948
0.4338293171392223
0.364350181312415
0.2503220769885948
0.6966698688937693
0.3172146372639826
0.8266765059374577
0.3172146372639826
0.4019826269622425
0.5094028250814666
0.4338293171392223
0.2503220769885948
0.2503220769885948
0.3172146372639826
0.2503220769885948
0.2503220769885948
0.4338293171392223
0.2503220769885948
0.2503220769885948
0.3172146372639826
0.4338293171392223
0.2503220769885948
1.9069250346881679
0.5497597779882185
0.4338293171392223
0.2503220769885948
0.2503220769885948
0.4866839450417899
0.2503220769885948
0.4019826269622425
0.3172146372639826
0.3172146372639826
0.8092046763571886
0.2503220769885948
0.2503220769885948
0.3172146372639826
0.2503220769885948
0.4019826269622425
0.2503220769885948
0.2503220769885948
0.3172146372639826
0.364350181312415
0.2503220769885948
0.3172146372639826
0.2503220769885948
0.364350181312415
0.3172146372639826
0.2503220769885948
0.3172146372639826
0.2503220769885948
0.8976787018688779
0.4617140125732895
0.2503220769885948
0.4019826269622425
0.3172146372639826
0.2503220769885948
0.2503220769885948
1.0197638169150929
0.364350181312415
0.364350181312415
0.3172146372639826
0.2503220769885948
0.2503220769885948
0.4019826269622425
1.2236764927526436
0.4019826269622425
0.3172146372639826
0.4019826269622425
0.2503220769885948
0.2503220769885948
0.2503220769885948
0.2503220769885948
0.7083809216951199
0.2503220769885948
0.2503220769885948
0.2503220769885948
0.4019826269622425
0.2503220769885948
0.2503220769885948
0.3172146372639826
0.2503220769885948
0.6845666959935156
0.2503220769885948
0.2503220769885948
0.2503220769885948
0.2503220769885948
0.2503220769885948
0.3172146372639826
0.3172146372639826
0.3172146372639826
0.2503220769885948
0.2503220769885948
0.2503220769885948
0.2503220769885948
0.4019826269622425
0.2503220769885948
0.3172146372639826
0.6013183008535015
0.5850959882567891
0.3172146372639826
0.3172146372639826
0.3172146372639826
0.8675006965625334
0.364350181312415
0.4617140125732895
0.3172146372639826
0.2503220769885948
0.2503220769885948
0.4617140125732895
0.364350181312415
0.364350181312415
0.3172146372639826
0.2503220769885948
0.364350181312415
0.2503220769885948
0.2503220769885948
0.4866839450417899
0.4019826269622425
0.364350181312415
0.4019826269622425
0.7197303622054539
0.8596320709428009
0.9190911197707942
0.3172146372639826
0.7620061681340581
0.364350181312415
0.2503220769885948
0.4019826269622425
0.2503220769885948
0.2503220769885948
0.3172146372639826
0.2503220769885948
0.2503220769885948
0.3172146372639826
0.2503220769885948
0.3172146372639826
0.2503220769885948
0.2503220769885948
0.2503220769885948
0.2503220769885948
0.5303210017246625
0.4617140125732895
0.2503220769885948
0.3172146372639826
0.5303210017246625
0.3172146372639826
0.2503220769885948
0.2503220769885948
0.3172146372639826
0.2503220769885948
0.8092046763571886
0.364350181312415
0.2503220769885948
0.2503220769885948
0.3172146372639826
0.2503220769885948
0.2503220769885948
0.3172146372639826
1.461795117710838
0.2503220769885948
0.6590393148909387
0.3172146372639826
0.5303210017246625
0.364350181312415
0.364350181312415
0.2503220769885948
0.4338293171392223
0.4019826269622425
0.2503220769885948
0.4338293171392223
0.4338293171392223
0.2503220769885948
0.5850959882567891
0.2503220769885948
0.2503220769885948
0.3172146372639826
0.9395832170058641
0.2503220769885948
0.7197303622054539
0.2503220769885948
0.2503220769885948
0.2503220769885948
0.2503220769885948
0.2503220769885948
0.8752341566438374
0.2503220769885948
0.4338293171392223
0.2503220769885948
1.4759331944979275
0.3172146372639826
0.8752341566438374
0.2503220769885948
0.364350181312415
0.2503220769885948
0.6845666959935156
0.3172146372639826
1.6579922460131256
0.6966698688937693
0.2503220769885948
0.3172146372639826
0.2503220769885948
0.4019826269622425
0.4866839450417899
0.3172146372639826
0.4338293171392223
0.2503220769885948
0.2503220769885948
0.2503220769885948
0.2503220769885948
0.2503220769885948
0.3172146372639826
0.3172146372639826
0.8180304680739985
0.4866839450417899
0.2503220769885948
0.2503220769885948
0.4338293171392223
0.2503220769885948
0.5679573953237599
0.3172146372639826
0.631449659813739
0.5850959882567891
0.2503220769885948
0.2503220769885948
0.9843181709805979
0.3172146372639826
0.4019826269622425
0.2503220769885948
0.3172146372639826
0.2503220769885948
0.2503220769885948
0.364350181312415
0.2503220769885948
0.364350181312415
0.2503220769885948
0.364350181312415
0.2503220769885948
0.2503220769885948
0.3172146372639826
0.3172146372639826
0.2503220769885948
0.2503220769885948
0.364350181312415
0.3172146372639826
0.7307450630454506
0.2503220769885948
0.2503220769885948
0.2503220769885948
0.2503220769885948
0.3172146372639826
0.3172146372639826
0.364350181312415
0.364350181312415
0.2503220769885948
0.8675006965625334
0.2503220769885948
0.4338293171392223
0.3172146372639826
0.4866839450417899
0.2503220769885948
0.2503220769885948
0.2503220769885948
0.5094028250814666
0.2503220769885948
0.5679573953237599
0.364350181312415
0.4338293171392223
0.2503220769885948
0.8828381516023945
0.4019826269622425
0.2503220769885948
0.2503220769885948
0.3172146372639826
0.2503220769885948
0.2503220769885948
0.2503220769885948
0.4338293171392223
0.4338293171392223
0.3172146372639826
0.2503220769885948
0.2503220769885948
0.2503220769885948
0.4866839450417899
0.3172146372639826
0.2503220769885948
0.2503220769885948
0.2503220769885948
0.2503220769885948
0.3172146372639826
0.364350181312415
0.5850959882567891
0.3172146372639826
0.2503220769885948
0.2503220769885948
0.2503220769885948
0.3172146372639826
0.364350181312415
0.2503220769885948
0.4019826269622425
0.2503220769885948
0.364350181312415
0.2503220769885948
0.2503220769885948
0.2503220769885948
0.631449659813739
0.3172146372639826
0.2503220769885948
0.2503220769885948
0.6013183008535015
1.0140208011213743
0.2503220769885948
0.3172146372639826
0.4338293171392223
0.3172146372639826
0.3172146372639826
0.2503220769885948
0.2503220769885948
0.2503220769885948
0.5094028250814666
0.3172146372639826
0.4866839450417899
0.6720365467534266
0.2503220769885948
0.2503220769885948
0.3172146372639826
0.3172146372639826
0.5679573953237599
0.2503220769885948
0.8675006965625334
0.2503220769885948
0.2503220769885948
0.364350181312415
0.6167385351938792
0.8516221660155073
0.4338293171392223
0.2503220769885948
0.2503220769885948
0.2503220769885948
0.2503220769885948
0.364350181312415
0.2503220769885948
0.3172146372639826
0.5094028250814666
0.3172146372639826
0.2503220769885948
0.2503220769885948
0.6013183008535015
0.2503220769885948
0.2503220769885948
0.3172146372639826
0.3172146372639826
0.2503220769885948
0.3172146372639826
0.2503220769885948
0.2503220769885948
0.2503220769885948
0.3172146372639826
0.364350181312415
0.2503220769885948
0.2503220769885948
0.2503220769885948
0.4019826269622425
0.4019826269622425
0.2503220769885948
0.2503220769885948
0.3172146372639826
0.4617140125732895
0.3172146372639826
0.2503220769885948
0.364350181312415
0.4617140125732895
0.2503220769885948
0.2503220769885948
0.2503220769885948
0.2503220769885948
0.364350181312415
0.2503220769885948
0.8092046763571886
0.2503220769885948
0.2503220769885948
0.2503220769885948
0.2503220769885948
0.2503220769885948
0.364350181312415
0.5679573953237599
0.2503220769885948
0.2503220769885948
0.2503220769885948
0.3172146372639826
0.2503220769885948
0.4019826269622425
0.2503220769885948
0.4019826269622425
0.2503220769885948
0.4338293171392223
0.2503220769885948
0.4019826269622425
0.4866839450417899
0.3172146372639826
0.2503220769885948
0.2503220769885948
0.2503220769885948
0.364350181312415
0.2503220769885948
0.5094028250814666
0.2503220769885948
0.4617140125732895
0.3172146372639826
0.7414488322895513
0.4019826269622425
0.2503220769885948
0.3172146372639826
0.2503220769885948
0.3172146372639826
0.364350181312415
0.3172146372639826
0.3172146372639826
0.3172146372639826
0.2503220769885948
0.2503220769885948
0.2503220769885948
0.2503220769885948
0.3172146372639826
0.3172146372639826
0.9592485679298022
0.364350181312415
0.2503220769885948
0.364350181312415
0.364350181312415
0.2503220769885948
0.2503220769885948
0.2503220769885948
0.2503220769885948
0.3172146372639826
0.2503220769885948
0.3172146372639826
0.2503220769885948
0.2503220769885948
1.025445182346659
0.7815470895807568
0.2503220769885948
0.2503220769885948
0.2503220769885948
0.3172146372639826
0.2503220769885948
0.3172146372639826
0.6966698688937693
0.364350181312415
0.4338293171392223
0.2503220769885948
0.6966698688937693
0.3172146372639826
0.2503220769885948
0.2503220769885948
0.4617140125732895
0.2503220769885948
0.6013183008535015
0.2503220769885948
0.4019826269622425
0.4338293171392223
0.3172146372639826
0.4338293171392223
0.3172146372639826
0.2503220769885948
0.364350181312415
0.364350181312415
0.4338293171392223
0.2503220769885948
0.2503220769885948
0.2503220769885948
0.3172146372639826
0.364350181312415
0.2503220769885948
0.364350181312415
0.4866839450417899
0.4338293171392223
0.2503220769885948
0.2503220769885948
0.5094028250814666
0.364350181312415
0.2503220769885948
0.3172146372639826
0.4866839450417899
0.3172146372639826
0.2503220769885948
0.4866839450417899
0.364350181312415
0.3172146372639826
0.2503220769885948
0.2503220769885948
0.2503220769885948
0.2503220769885948
0.3172146372639826
0.3172146372639826
0.3172146372639826
0.2503220769885948
0.2503220769885948
0.2503220769885948
0.2503220769885948
0.2503220769885948
0.2503220769885948
0.2503220769885948
0.2503220769885948
0.2503220769885948
0.4019826269622425
0.3172146372639826
0.2503220769885948
0.3172146372639826
0.6590393148909387
0.3172146372639826
0.2503220769885948
0.2503220769885948
0.2503220769885948
0.4338293171392223
0.4338293171392223
0.4019826269622425
0.7718957730642586
0.364350181312415
0.2503220769885948
0.2503220769885948
0.2503220769885948
0.364350181312415
0.3172146372639826
0.2503220769885948
0.4866839450417899
0.3172146372639826
0.2503220769885948
0.2503220769885948
0.2503220769885948
0.2503220769885948
0.4019826269622425
0.2503220769885948
0.2503220769885948
0.2503220769885948
0.4338293171392223
0.2503220769885948
0.2503220769885948
0.3172146372639826
0.2503220769885948
0.2503220769885948
0.6013183008535015
0.3172146372639826
0.2503220769885948
0.2503220769885948
0.2503220769885948
0.2503220769885948
0.2503220769885948
0.2503220769885948
0.2503220769885948
0.2503220769885948
0.2503220769885948
0.3172146372639826
0.3172146372639826
0.3172146372639826
0.3172146372639826
0.2503220769885948
0.2503220769885948
0.3172146372639826
0.4866839450417899
0.2503220769885948
0.2503220769885948
0.4019826269622425
0.4617140125732895
0.2503220769885948
0.3172146372639826
0.2503220769885948
0.2503220769885948
0.2503220769885948
0.4617140125732895
0.2503220769885948
0.2503220769885948
0.2503220769885948
0.6013183008535015
0.2503220769885948
0.2503220769885948
0.2503220769885948
0.2503220769885948
0.4338293171392223
0.3172146372639826
0.2503220769885948
0.2503220769885948
0.4019826269622425
0.2503220769885948
0.2503220769885948
0.2503220769885948
0.2503220769885948
0.2503220769885948
0.2503220769885948
0.2503220769885948
0.2503220769885948
0.4338293171392223
0.3172146372639826
0.2503220769885948
0.4019826269622425
0.3172146372639826
0.2503220769885948
0.2503220769885948
0.3172146372639826
0.2503220769885948
0.2503220769885948
0.2503220769885948
0.2503220769885948
0.5094028250814666
0.3172146372639826
0.6720365467534266
0.4617140125732895
0.3172146372639826
0.2503220769885948
0.2503220769885948
0.2503220769885948
0.3172146372639826
0.2503220769885948
0.2503220769885948
0.2503220769885948
0.2503220769885948
0.2503220769885948
0.6167385351938792
0.364350181312415
0.3172146372639826
0.364350181312415
0.4617140125732895
0.2503220769885948
0.2503220769885948
0.2503220769885948
0.9395832170058641
0.3172146372639826
1.7185333662643236
0.4866839450417899
0.4338293171392223
0.3172146372639826
0.4866839450417899
0.3172146372639826
0.6590393148909387
0.3172146372639826
0.2503220769885948
0.2503220769885948
0.3172146372639826
0.364350181312415
1.0943556318337433
0.3172146372639826
0.364350181312415
0.3172146372639826
0.7815470895807568
0.2503220769885948
0.2503220769885948
0.4019826269622425
0.4338293171392223
0.3172146372639826
0.2503220769885948
0.2503220769885948
0.3172146372639826
0.3172146372639826
0.4338293171392223
0.2503220769885948
0.364350181312415
0.3172146372639826
0.2503220769885948
0.4019826269622425
0.364350181312415
0.2503220769885948
0.5094028250814666
0.3172146372639826
0.3172146372639826
0.2503220769885948
0.4866839450417899
0.3172146372639826
0.2503220769885948
0.2503220769885948
0.3172146372639826
0.2503220769885948
0.4019826269622425
0.364350181312415
0.2503220769885948
0.2503220769885948
0.2503220769885948
0.7083809216951199
0.2503220769885948
0.2503220769885948
0.5303210017246625
0.3172146372639826
0.2503220769885948
0.2503220769885948
0.4617140125732895
0.2503220769885948
0.2503220769885948
0.2503220769885948
0.2503220769885948
0.2503220769885948
0.3172146372639826
0.2503220769885948
0.4338293171392223
0.2503220769885948
0.364350181312415
0.2503220769885948
0.2503220769885948
0.2503220769885948
0.364350181312415
0.2503220769885948
0.3172146372639826
0.6455284900293785
0.3172146372639826
0.2503220769885948
0.3172146372639826
0.2503220769885948
0.8752341566438374
0.2503220769885948
0.3172146372639826
0.2503220769885948
1.9017813935112402
0.364350181312415
0.4866839450417899
0.2503220769885948
0.2503220769885948
0.3172146372639826
0.2503220769885948
0.2503220769885948
0.3172146372639826
0.2503220769885948
0.2503220769885948
0.2503220769885948
0.2503220769885948
0.2503220769885948
0.3172146372639826
0.2503220769885948
0.3172146372639826
0.2503220769885948
0.3172146372639826
0.364350181312415
0.2503220769885948
0.2503220769885948
0.2503220769885948
0.2503220769885948
0.2503220769885948
0.2503220769885948
0.2503220769885948
0.2503220769885948
0.2503220769885948
0.2503220769885948
0.364350181312415
0.2503220769885948
0.5679573953237599
0.4866839450417899
0.8434644122488738
0.2503220769885948
0.3172146372639826
0.2503220769885948
0.2503220769885948
0.3172146372639826
0.2503220769885948
0.4019826269622425
0.5303210017246625
0.2503220769885948
0.2503220769885948
0.3172146372639826
0.2503220769885948
0.2503220769885948
0.4338293171392223
0.2503220769885948
0.5679573953237599
0.3172146372639826
0.364350181312415
0.2503220769885948
0.4617140125732895
0.2503220769885948
0.2503220769885948
0.2503220769885948
0.3172146372639826
0.2503220769885948
0.4338293171392223
0.2503220769885948
0.2503220769885948
0.2503220769885948
0.4617140125732895
0.971939108480087
0.2503220769885948
0.364350181312415
0.2503220769885948
0.2503220769885948
0.3172146372639826
0.2503220769885948
0.4019826269622425
0.2503220769885948
0.4617140125732895
0.3172146372639826
0.2503220769885948
0.3172146372639826
1.251216451532745
0.4866839450417899
0.3172146372639826
0.2503220769885948
0.4617140125732895
0.2503220769885948
0.2503220769885948
0.2503220769885948
0.3172146372639826
0.2503220769885948
0.5497597779882185
0.3172146372639826
0.2503220769885948
0.2503220769885948
0.4019826269622425
0.2503220769885948
0.5094028250814666
0.2503220769885948
0.2503220769885948
0.2503220769885948
0.2503220769885948
0.2503220769885948
0.2503220769885948
0.364350181312415
0.2503220769885948
0.2503220769885948
0.2503220769885948
0.364350181312415
0.2503220769885948
0.2503220769885948
0.2503220769885948
0.2503220769885948
0.3172146372639826
0.3172146372639826
0.6167385351938792
0.2503220769885948
0.2503220769885948
0.2503220769885948
0.364350181312415
0.4338293171392223
0.2503220769885948
0.2503220769885948
0.2503220769885948
0.2503220769885948
0.6845666959935156
0.2503220769885948
0.4866839450417899
0.2503220769885948
0.2503220769885948
0.2503220769885948
0.3172146372639826
0.2503220769885948
0.4338293171392223
0.2503220769885948
0.3172146372639826
0.2503220769885948
0.2503220769885948
0.2503220769885948
0.4019826269622425
0.2503220769885948
0.2503220769885948
0.3172146372639826
0.4019826269622425
0.2503220769885948
0.2503220769885948
0.2503220769885948
0.2503220769885948
0.2503220769885948
0.4019826269622425
0.364350181312415
0.2503220769885948
0.2503220769885948
0.2503220769885948
0.2503220769885948
0.4338293171392223
0.2503220769885948
0.6590393148909387
0.3172146372639826
0.2503220769885948
0.2503220769885948
0.2503220769885948
0.3172146372639826
0.2503220769885948
0.2503220769885948
0.2503220769885948
0.2503220769885948
0.4338293171392223
0.5094028250814666
0.4019826269622425
0.2503220769885948
0.2503220769885948
0.2503220769885948
0.2503220769885948
0.2503220769885948
0.2503220769885948
0.3172146372639826
0.2503220769885948
0.2503220769885948
0.2503220769885948
0.2503220769885948
0.3172146372639826
0.4019826269622425
0.6590393148909387
0.2503220769885948
0.3172146372639826
0.2503220769885948
0.4617140125732895
0.2503220769885948
0.2503220769885948
0.2503220769885948
0.4338293171392223
0.2503220769885948
0.364350181312415
0.2503220769885948
0.5850959882567891
0.3172146372639826
0.6720365467534266
0.2503220769885948
0.2503220769885948
0.364350181312415
1.2236764927526436
0.2503220769885948
0.790974071885366
0.2503220769885948
0.5094028250814666
0.3172146372639826
0.2503220769885948
0.2503220769885948
0.2503220769885948
0.2503220769885948
0.3172146372639826
0.2503220769885948
0.2503220769885948
0.3172146372639826
0.4019826269622425
0.2503220769885948
0.2503220769885948
0.2503220769885948
0.6013183008535015
0.2503220769885948
0.4338293171392223
0.2503220769885948
0.4617140125732895
0.2503220769885948
0.2503220769885948
0.2503220769885948
0.2503220769885948
0.2503220769885948
0.2503220769885948
0.2503220769885948
0.2503220769885948
0.3172146372639826
0.2503220769885948
0.2503220769885948
0.3172146372639826
0.2503220769885948
0.5850959882567891
0.2503220769885948
0.3172146372639826
0.3172146372639826
1.247353550738489
0.2503220769885948
0.364350181312415
0.2503220769885948
0.5850959882567891
0.3172146372639826
0.3172146372639826
0.2503220769885948
0.2503220769885948
0.2503220769885948
0.4019826269622425
0.2503220769885948
0.364350181312415
0.2503220769885948
0.631449659813739
0.2503220769885948
0.3172146372639826
0.2503220769885948
0.3172146372639826
0.2503220769885948
0.4866839450417899
0.364350181312415
0.2503220769885948
0.2503220769885948
0.4866839450417899
0.3172146372639826
0.3172146372639826
0.3172146372639826
0.364350181312415
0.2503220769885948
0.3172146372639826
0.2503220769885948
0.2503220769885948
0.2503220769885948
0.7083809216951199
0.364350181312415
0.2503220769885948
0.2503220769885948
0.4866839450417899
0.3172146372639826
0.3172146372639826
0.2503220769885948
0.2503220769885948
0.2503220769885948
0.3172146372639826
0.3172146372639826
0.8180304680739985
0.3172146372639826
0.3172146372639826
0.2503220769885948
0.3172146372639826
0.2503220769885948
0.3172146372639826
0.2503220769885948
0.2503220769885948
0.3172146372639826
0.7414488322895513
0.4019826269622425
0.5303210017246625
0.2503220769885948
0.4866839450417899
0.2503220769885948
0.4019826269622425
0.2503220769885948
0.5497597779882185
0.2503220769885948
0.2503220769885948
0.2503220769885948
0.2503220769885948
0.4338293171392223
0.3172146372639826
0.2503220769885948
1.104240381420377
0.2503220769885948
0.2503220769885948
0.2503220769885948
0.2503220769885948
0.2503220769885948
0.2503220769885948
0.2503220769885948
0.2503220769885948
0.2503220769885948
0.4866839450417899
0.2503220769885948
0.7083809216951199
0.3172146372639826
0.3172146372639826
0.2503220769885948
0.364350181312415
0.3172146372639826
0.2503220769885948
0.2503220769885948
0.2503220769885948
0.2503220769885948
0.2503220769885948
0.2503220769885948
0.2503220769885948
0.2503220769885948
0.2503220769885948
0.9462260189389202
0.2503220769885948
0.2503220769885948
0.364350181312415
0.3172146372639826
0.4617140125732895
0.2503220769885948
0.3172146372639826
0.2503220769885948
0.2503220769885948
0.3172146372639826
0.5094028250814666
0.3172146372639826
0.4338293171392223
0.2503220769885948
0.364350181312415
0.2503220769885948
0.2503220769885948
0.2503220769885948
0.4866839450417899
0.2503220769885948
0.2503220769885948
0.2503220769885948
0.2503220769885948
0.2503220769885948
0.2503220769885948
0.3172146372639826
0.2503220769885948
0.2503220769885948
0.2503220769885948
0.3172146372639826
0.2503220769885948
0.7718957730642586
0.2503220769885948
0.2503220769885948
0.4338293171392223
0.2503220769885948
0.2503220769885948
0.3172146372639826
0.2503220769885948
0.2503220769885948
0.2503220769885948
0.2503220769885948
0.2503220769885948
0.2503220769885948
0.8001894087727897
0.6720365467534266
0.4338293171392223
0.3172146372639826
0.4338293171392223
0.3172146372639826
0.2503220769885948
0.2503220769885948
0.2503220769885948
0.3172146372639826
0.6167385351938792
0.2503220769885948
0.2503220769885948
0.5850959882567891
0.7414488322895513
0.364350181312415
0.364350181312415
0.2503220769885948
0.2503220769885948
0.3172146372639826
0.2503220769885948
0.2503220769885948
0.2503220769885948
0.2503220769885948
0.5679573953237599
0.4338293171392223
0.3172146372639826
0.2503220769885948
1.0842957918816618
0.3172146372639826
0.2503220769885948
0.364350181312415
0.2503220769885948
0.2503220769885948
0.2503220769885948
0.2503220769885948
0.2503220769885948
0.2503220769885948
0.4617140125732895
0.2503220769885948
0.364350181312415
0.2503220769885948
0.2503220769885948
0.2503220769885948
0.2503220769885948
0.2503220769885948
0.5679573953237599
0.364350181312415
0.364350181312415
0.2503220769885948
0.2503220769885948
0.2503220769885948
0.2503220769885948
0.364350181312415
0.4866839450417899
0.2503220769885948
0.4338293171392223
0.364350181312415
0.2503220769885948
0.2503220769885948
0.364350181312415
0.3172146372639826
0.2503220769885948
0.3172146372639826
0.2503220769885948
0.2503220769885948
0.2503220769885948
0.364350181312415
0.3172146372639826
0.2503220769885948
0.3172146372639826
0.4019826269622425
0.2503220769885948
0.3172146372639826
0.4338293171392223
0.4866839450417899
0.2503220769885948
0.2503220769885948
0.4338293171392223
0.2503220769885948
0.2503220769885948
0.2503220769885948
0.364350181312415
0.2503220769885948
0.2503220769885948
0.3172146372639826
0.2503220769885948
0.2503220769885948
0.8828381516023945
0.3172146372639826
0.7197303622054539
0.2503220769885948
0.2503220769885948
0.2503220769885948
0.2503220769885948
0.2503220769885948
0.4019826269622425
0.3172146372639826
0.2503220769885948
0.2503220769885948
0.4617140125732895
0.4019826269622425
0.3172146372639826
0.2503220769885948
0.2503220769885948
0.2503220769885948
0.2503220769885948
0.2503220769885948
0.4019826269622425
0.2503220769885948
0.2503220769885948
0.2503220769885948
0.6455284900293785
0.3172146372639826
0.2503220769885948
0.2503220769885948
0.2503220769885948
0.2503220769885948
0.5679573953237599
0.2503220769885948
0.2503220769885948
0.2503220769885948
0.6167385351938792
0.2503220769885948
0.2503220769885948
0.2503220769885948
0.3172146372639826
0.4866839450417899
0.2503220769885948
0.364350181312415
0.3172146372639826
0.2503220769885948
0.2503220769885948
0.2503220769885948
0.4617140125732895
0.2503220769885948
0.2503220769885948
0.3172146372639826
0.364350181312415
0.2503220769885948
0.2503220769885948
0.3172146372639826
0.2503220769885948
0.2503220769885948
0.2503220769885948
0.2503220769885948
0.2503220769885948
0.2503220769885948
0.2503220769885948
0.3172146372639826
0.2503220769885948
0.3172146372639826
0.2503220769885948
0.2503220769885948
0.2503220769885948
0.2503220769885948
0.3172146372639826
0.2503220769885948
0.4019826269622425
0.3172146372639826
0.6167385351938792
0.3172146372639826
0.364350181312415
0.3172146372639826
0.2503220769885948
0.364350181312415
0.6966698688937693
0.2503220769885948
0.364350181312415
0.2503220769885948
0.2503220769885948
0.2503220769885948
0.2503220769885948
0.2503220769885948
1.0082144214847675
0.364350181312415
0.5094028250814666
0.2503220769885948
0.2503220769885948
0.2503220769885948
0.2503220769885948
0.2503220769885948
0.3172146372639826
0.2503220769885948
0.2503220769885948
0.631449659813739
0.8752341566438374
0.4338293171392223
0.2503220769885948
0.2503220769885948
0.3172146372639826
0.2503220769885948
0.6167385351938792
0.3172146372639826
0.9049249082369674
0.2503220769885948
0.5303210017246625
0.5094028250814666
0.2503220769885948
0.2503220769885948
0.3172146372639826
0.4019826269622425
0.2503220769885948
0.2503220769885948
0.3172146372639826
0.2503220769885948
0.4019826269622425
0.2503220769885948
0.4019826269622425
0.2503220769885948
0.2503220769885948
0.2503220769885948
0.3172146372639826
0.2503220769885948
0.4866839450417899
0.2503220769885948
0.3172146372639826
0.2503220769885948
0.5094028250814666
0.2503220769885948
0.2503220769885948
0.2503220769885948
0.4338293171392223
0.3172146372639826
0.4338293171392223
0.3172146372639826
0.2503220769885948
0.2503220769885948
0.952780162039427
0.364350181312415
0.2503220769885948
0.364350181312415
0.364350181312415
0.2503220769885948
0.3172146372639826
0.2503220769885948
0.3172146372639826
0.2503220769885948
0.364350181312415
0.3172146372639826
0.364350181312415
0.2503220769885948
0.364350181312415
0.2503220769885948
0.2503220769885948
0.2503220769885948
0.5303210017246625
0.2503220769885948
0.5094028250814666
0.4338293171392223
0.2503220769885948
0.2503220769885948
0.2503220769885948
0.2503220769885948
0.2503220769885948
0.2503220769885948
0.2503220769885948
0.2503220769885948
0.3172146372639826
0.3172146372639826
0.3172146372639826
0.2503220769885948
0.5497597779882185
0.2503220769885948
0.6590393148909387
0.2503220769885948
0.5303210017246625
0.2503220769885948
0.2503220769885948
0.2503220769885948
0.3172146372639826
0.2503220769885948
0.4019826269622425
0.3172146372639826
0.2503220769885948
0.2503220769885948
0.2503220769885948
0.3172146372639826
0.2503220769885948
0.2503220769885948
0.3172146372639826
0.2503220769885948
0.364350181312415
0.3172146372639826
0.2503220769885948
0.2503220769885948
0.2503220769885948
0.2503220769885948
0.364350181312415
0.2503220769885948
0.6720365467534266
0.3172146372639826
0.2503220769885948
0.2503220769885948
0.3172146372639826
0.2503220769885948
0.364350181312415
0.2503220769885948
0.4866839450417899
0.2503220769885948
0.4617140125732895
0.2503220769885948
0.2503220769885948
0.2503220769885948
0.2503220769885948
0.2503220769885948
0.8180304680739985
0.2503220769885948
0.3172146372639826
0.4019826269622425
0.4019826269622425
0.2503220769885948
0.4338293171392223
0.2503220769885948
0.2503220769885948
0.2503220769885948
0.6590393148909387
0.2503220769885948
0.5094028250814666
0.4338293171392223
0.2503220769885948
0.2503220769885948
0.2503220769885948
0.2503220769885948
0.8434644122488738
0.4338293171392223
0.4866839450417899
0.2503220769885948
0.2503220769885948
0.5497597779882185
0.2503220769885948
0.2503220769885948
0.2503220769885948
0.2503220769885948
0.2503220769885948
0.2503220769885948
0.2503220769885948
0.2503220769885948
0.2503220769885948
0.2503220769885948
0.6013183008535015
0.364350181312415
0.2503220769885948
0.4019826269622425
0.6966698688937693
0.2503220769885948
0.2503220769885948
0.2503220769885948
0.9781663711161057
0.2503220769885948
0.2503220769885948
0.4019826269622425
0.2503220769885948
0.2503220769885948
0.2503220769885948
0.2503220769885948
0.2503220769885948
0.2503220769885948
0.2503220769885948
0.2503220769885948
0.7083809216951199
0.2503220769885948
0.2503220769885948
0.2503220769885948
0.6013183008535015
0.2503220769885948
0.3172146372639826
0.2503220769885948
0.2503220769885948
0.2503220769885948
0.2503220769885948
0.2503220769885948
0.2503220769885948
0.2503220769885948
0.2503220769885948
0.2503220769885948
0.2503220769885948
0.5497597779882185
0.2503220769885948
0.3172146372639826
0.3172146372639826
0.3172146372639826
0.2503220769885948
0.4338293171392223
0.3172146372639826
0.3172146372639826
0.7718957730642586
0.2503220769885948
0.8092046763571886
0.3172146372639826
0.2503220769885948
0.2503220769885948
0.6720365467534266
0.364350181312415
0.2503220769885948
0.2503220769885948
0.3172146372639826
0.3172146372639826
0.3172146372639826
0.2503220769885948
0.2503220769885948
0.4617140125732895
0.2503220769885948
0.2503220769885948
0.2503220769885948
0.2503220769885948
0.2503220769885948
0.364350181312415
0.7083809216951199
0.2503220769885948
1.0636181171742707
0.2503220769885948
0.5850959882567891
0.2503220769885948
0.2503220769885948
0.2503220769885948
0.2503220769885948
0.2503220769885948
0.5094028250814666
0.2503220769885948
0.2503220769885948
0.2503220769885948
0.2503220769885948
0.2503220769885948
0.4019826269622425
0.2503220769885948
0.6590393148909387
0.2503220769885948
0.2503220769885948
0.3172146372639826
0.2503220769885948
0.2503220769885948
0.3172146372639826
0.2503220769885948
0.2503220769885948
0.2503220769885948
0.364350181312415
0.364350181312415
0.2503220769885948
0.2503220769885948
0.6455284900293785
0.2503220769885948
0.4617140125732895
0.2503220769885948
0.3172146372639826
0.3172146372639826
0.2503220769885948
0.3172146372639826
0.2503220769885948
0.3172146372639826
0.2503220769885948
0.2503220769885948
0.2503220769885948
0.364350181312415
0.2503220769885948
0.2503220769885948
0.2503220769885948
0.2503220769885948
0.4338293171392223
0.3172146372639826
0.364350181312415
0.2503220769885948
0.5303210017246625
0.5303210017246625
0.2503220769885948
0.2503220769885948
0.2503220769885948
0.2503220769885948
0.2503220769885948
0.2503220769885948
0.3172146372639826
0.2503220769885948
0.4338293171392223
0.2503220769885948
0.2503220769885948
0.2503220769885948
0.2503220769885948
0.2503220769885948
0.2503220769885948
0.2503220769885948
0.5497597779882185
0.364350181312415
0.2503220769885948
0.2503220769885948
0.364350181312415
0.3172146372639826
0.5094028250814666
0.2503220769885948
0.7620061681340581
0.5303210017246625
0.2503220769885948
0.2503220769885948
0.2503220769885948
0.3172146372639826
0.3172146372639826
0.2503220769885948
0.2503220769885948
0.2503220769885948
0.3172146372639826
0.364350181312415
0.2503220769885948
0.3172146372639826
0.3172146372639826
0.2503220769885948
0.5094028250814666
0.3172146372639826
0.7197303622054539
0.2503220769885948
0.3172146372639826
0.4338293171392223
0.7718957730642586
0.2503220769885948
0.4866839450417899
0.3172146372639826
0.631449659813739
0.2503220769885948
0.2503220769885948
0.2503220769885948
0.2503220769885948
0.4617140125732895
0.4338293171392223
0.2503220769885948
0.364350181312415
0.2503220769885948
0.2503220769885948
0.2503220769885948
0.631449659813739
0.2503220769885948
0.2503220769885948
0.4617140125732895
0.364350181312415
0.2503220769885948
0.3172146372639826
0.2503220769885948
0.5094028250814666
0.2503220769885948
0.2503220769885948
0.2503220769885948
0.2503220769885948
0.4019826269622425
0.2503220769885948
0.3172146372639826
0.2503220769885948
0.2503220769885948
0.2503220769885948
0.2503220769885948
0.364350181312415
0.2503220769885948
0.3172146372639826
0.3172146372639826
0.2503220769885948
0.2503220769885948
0.2503220769885948
0.364350181312415
0.4019826269622425
0.3172146372639826
0.2503220769885948
0.2503220769885948
0.6013183008535015
0.3172146372639826
0.364350181312415
0.2503220769885948
0.2503220769885948
0.2503220769885948
0.2503220769885948
0.2503220769885948
0.2503220769885948
0.4019826269622425
0.4338293171392223
0.2503220769885948
0.2503220769885948
0.2503220769885948
0.2503220769885948
0.2503220769885948
0.2503220769885948
0.4019826269622425
0.5094028250814666
0.2503220769885948
0.2503220769885948
0.2503220769885948
0.2503220769885948
0.3172146372639826
0.5094028250814666
0.2503220769885948
0.2503220769885948
0.2503220769885948
0.5679573953237599
0.2503220769885948
0.3172146372639826
0.2503220769885948
0.2503220769885948
0.4617140125732895
0.2503220769885948
0.2503220769885948
0.5497597779882185
0.2503220769885948
0.2503220769885948
0.2503220769885948
0.2503220769885948
0.2503220769885948
0.4019826269622425
0.2503220769885948
0.2503220769885948
0.2503220769885948
0.2503220769885948
0.2503220769885948
0.2503220769885948
0.2503220769885948
0.2503220769885948
0.2503220769885948
0.7197303622054539
0.3172146372639826
0.2503220769885948
0.2503220769885948
0.3172146372639826
0.3172146372639826
0.364350181312415
0.2503220769885948
0.4617140125732895
0.2503220769885948
0.2503220769885948
0.3172146372639826
0.3172146372639826
0.3172146372639826
0.2503220769885948
0.3172146372639826
0.3172146372639826
0.2503220769885948
0.2503220769885948
0.2503220769885948
0.6590393148909387
0.5094028250814666
0.3172146372639826
0.2503220769885948
0.4338293171392223
0.2503220769885948
0.2503220769885948
0.364350181312415
0.4019826269622425
0.2503220769885948
0.2503220769885948
0.2503220769885948
0.2503220769885948
0.2503220769885948
0.364350181312415
0.2503220769885948
1.735095936391207
0.2503220769885948
0.3172146372639826
0.2503220769885948
0.2503220769885948
0.2503220769885948
0.364350181312415
0.2503220769885948
0.3172146372639826
0.2503220769885948
0.5679573953237599
0.2503220769885948
0.2503220769885948
0.2503220769885948
0.4338293171392223
0.2503220769885948
0.6167385351938792
0.2503220769885948
0.2503220769885948
0.2503220769885948
0.2503220769885948
0.2503220769885948
0.4617140125732895
0.2503220769885948
0.9120610076484789
0.2503220769885948
0.2503220769885948
0.2503220769885948
0.2503220769885948
0.2503220769885948
0.2503220769885948
0.364350181312415
0.3172146372639826
0.2503220769885948
0.2503220769885948
0.2503220769885948
0.4019826269622425
0.2503220769885948
0.2503220769885948
0.2503220769885948
0.2503220769885948
0.2503220769885948
0.2503220769885948
0.2503220769885948
0.2503220769885948
0.3172146372639826
0.3172146372639826
0.4866839450417899
0.7197303622054539
0.2503220769885948
0.2503220769885948
0.2503220769885948
0.3172146372639826
0.3172146372639826
1.0688600094541219
0.4866839450417899
0.4019826269622425
0.3172146372639826
0.364350181312415
0.2503220769885948
1.219643525636464
0.2503220769885948
0.2503220769885948
0.364350181312415
0.2503220769885948
0.2503220769885948
0.5497597779882185
0.4019826269622425
0.3172146372639826
0.2503220769885948
0.2503220769885948
0.3172146372639826
0.4019826269622425
0.2503220769885948
0.5850959882567891
0.2503220769885948
0.2503220769885948
0.2503220769885948
0.2503220769885948
0.2503220769885948
0.2503220769885948
0.2503220769885948
0.2503220769885948
0.4019826269622425
0.2503220769885948
0.2503220769885948
0.2503220769885948
0.2503220769885948
0.5679573953237599
0.2503220769885948
0.2503220769885948
0.2503220769885948
0.2503220769885948
0.2503220769885948
0.2503220769885948
0.2503220769885948
0.2503220769885948
0.2503220769885948
0.3172146372639826
0.2503220769885948
0.2503220769885948
0.2503220769885948
0.2503220769885948
0.2503220769885948
0.2503220769885948
0.3172146372639826
0.364350181312415
0.2503220769885948
0.2503220769885948
0.2503220769885948
0.790974071885366
0.3172146372639826
0.364350181312415
0.2503220769885948
0.4019826269622425
0.2503220769885948
0.2503220769885948
0.4866839450417899
0.2503220769885948
0.3172146372639826
0.2503220769885948
0.2503220769885948
0.4617140125732895
0.2503220769885948
0.2503220769885948
0.2503220769885948
0.2503220769885948
0.3172146372639826
0.3172146372639826
0.2503220769885948
0.6590393148909387
0.2503220769885948
0.2503220769885948
0.2503220769885948
0.4019826269622425
0.3172146372639826
0.2503220769885948
0.2503220769885948
0.4019826269622425
0.2503220769885948
0.2503220769885948
0.4617140125732895
0.2503220769885948
0.2503220769885948
0.2503220769885948
0.2503220769885948
0.4338293171392223
0.2503220769885948
0.2503220769885948
0.2503220769885948
0.2503220769885948
0.2503220769885948
0.2503220769885948
0.364350181312415
0.364350181312415
0.2503220769885948
0.2503220769885948
0.2503220769885948
0.3172146372639826
0.2503220769885948
0.2503220769885948
0.2503220769885948
0.2503220769885948
0.3172146372639826
0.5850959882567891
0.3172146372639826
0.4338293171392223
0.2503220769885948
0.2503220769885948
0.2503220769885948
0.2503220769885948
0.2503220769885948
0.2503220769885948
0.364350181312415
1.0583259705188786
0.2503220769885948
0.5094028250814666
0.2503220769885948
0.4019826269622425
0.3172146372639826
0.4338293171392223
0.2503220769885948
0.2503220769885948
0.2503220769885948
0.3172146372639826
0.4338293171392223
0.2503220769885948
0.2503220769885948
0.2503220769885948
0.364350181312415
0.3172146372639826
0.2503220769885948
0.4019826269622425
0.2503220769885948
0.2503220769885948
0.2503220769885948
0.364350181312415
0.364350181312415
0.5679573953237599
0.2503220769885948
0.2503220769885948
0.2503220769885948
0.2503220769885948
0.2503220769885948
0.2503220769885948
0.4617140125732895
0.2503220769885948
0.2503220769885948
0.2503220769885948
0.3172146372639826
0.2503220769885948
0.364350181312415
0.2503220769885948
0.4866839450417899
0.2503220769885948
0.2503220769885948
1.2776355000049726
0.364350181312415
0.4617140125732895
0.2503220769885948
0.2503220769885948
0.2503220769885948
0.2503220769885948
0.2503220769885948
0.2503220769885948
0.4338293171392223
0.2503220769885948
0.2503220769885948
1.025445182346659
0.3172146372639826
0.3172146372639826
0.2503220769885948
0.2503220769885948
0.2503220769885948
0.4866839450417899
0.364350181312415
0.364350181312415
0.2503220769885948
0.4617140125732895
0.3172146372639826
0.2503220769885948
0.2503220769885948
0.2503220769885948
0.2503220769885948
0.3172146372639826
0.364350181312415
0.3172146372639826
0.364350181312415
0.3172146372639826
0.2503220769885948
0.3172146372639826
0.2503220769885948
0.7518628747158366
0.2503220769885948
0.6845666959935156
0.2503220769885948
0.2503220769885948
0.2503220769885948
0.6167385351938792
0.3172146372639826
0.5303210017246625
0.2503220769885948
0.364350181312415
0.3172146372639826
0.8001894087727897
0.2503220769885948
0.2503220769885948
0.3172146372639826
0.2503220769885948
0.364350181312415
0.4338293171392223
0.364350181312415
0.8180304680739985
0.3172146372639826
0.4338293171392223
0.4866839450417899
0.2503220769885948
0.3172146372639826
0.2503220769885948
0.364350181312415
0.4338293171392223
0.2503220769885948
0.364350181312415
0.3172146372639826
0.6013183008535015
0.364350181312415
0.5679573953237599
0.2503220769885948
0.2503220769885948
0.2503220769885948
0.2503220769885948
0.3172146372639826
0.4019826269622425
0.2503220769885948
0.7815470895807568
0.3172146372639826
0.3172146372639826
0.2503220769885948
0.7718957730642586
0.2503220769885948
0.364350181312415
0.364350181312415
0.7815470895807568
0.3172146372639826
0.4338293171392223
0.2503220769885948
0.4866839450417899
0.2503220769885948
0.3172146372639826
0.2503220769885948
0.2503220769885948
0.2503220769885948
0.4338293171392223
0.3172146372639826
0.2503220769885948
0.2503220769885948
1.0082144214847675
0.2503220769885948
0.4617140125732895
0.2503220769885948
0.2503220769885948
0.2503220769885948
0.4866839450417899
0.2503220769885948
0.3172146372639826
0.4338293171392223
0.3172146372639826
0.2503220769885948
0.4617140125732895
0.2503220769885948
0.2503220769885948
0.4338293171392223
0.2503220769885948
0.3172146372639826
0.2503220769885948
0.5094028250814666
0.6455284900293785
0.2503220769885948
0.5094028250814666
0.4019826269622425
0.8752341566438374
0.364350181312415
0.2503220769885948
0.3172146372639826
0.2503220769885948
0.2503220769885948
0.3172146372639826
0.2503220769885948
0.2503220769885948
0.2503220769885948
1.1646961373843334
0.3172146372639826
0.2503220769885948
0.364350181312415
0.2503220769885948
0.2503220769885948
0.2503220769885948
0.2503220769885948
0.2503220769885948
0.364350181312415
0.2503220769885948
0.3172146372639826
0.2503220769885948
0.2503220769885948
0.2503220769885948
0.4019826269622425
0.4338293171392223
0.2503220769885948
0.4866839450417899
0.2503220769885948
0.4019826269622425
0.2503220769885948
0.2503220769885948
0.2503220769885948
0.2503220769885948
0.2503220769885948
0.4019826269622425
0.2503220769885948
0.2503220769885948
0.2503220769885948
0.3172146372639826
0.2503220769885948
0.5094028250814666
0.4617140125732895
0.364350181312415
0.4338293171392223
0.8434644122488738
0.3172146372639826
0.2503220769885948
0.364350181312415
0.2503220769885948
0.3172146372639826
0.2503220769885948
0.364350181312415
0.2503220769885948
0.3172146372639826
0.3172146372639826
0.3172146372639826
0.364350181312415
0.2503220769885948
0.6845666959935156
0.3172146372639826
0.2503220769885948
0.3172146372639826
0.4019826269622425
0.2503220769885948
0.2503220769885948
0.2503220769885948
0.3172146372639826
0.2503220769885948
0.2503220769885948
0.2503220769885948
0.2503220769885948
0.2503220769885948
0.2503220769885948
0.3172146372639826
0.4019826269622425
0.2503220769885948
0.2503220769885948
0.3172146372639826
0.4866839450417899
0.2503220769885948
0.2503220769885948
0.4338293171392223
0.3172146372639826
0.3172146372639826
0.3172146372639826
0.364350181312415
0.2503220769885948
0.2503220769885948
0.3172146372639826
0.2503220769885948
0.6013183008535015
0.2503220769885948
0.2503220769885948
0.2503220769885948
0.5094028250814666
0.2503220769885948
0.5303210017246625
0.3172146372639826
0.364350181312415
0.3172146372639826
0.2503220769885948
0.364350181312415
0.2503220769885948
0.3172146372639826
0.6590393148909387
0.2503220769885948
0.364350181312415
0.2503220769885948
0.364350181312415
0.2503220769885948
0.364350181312415
0.3172146372639826
0.3172146372639826
0.2503220769885948
0.2503220769885948
0.3172146372639826
0.2503220769885948
0.2503220769885948
0.2503220769885948
0.2503220769885948
0.6167385351938792
0.4019826269622425
0.364350181312415
0.3172146372639826
0.2503220769885948
0.2503220769885948
0.5094028250814666
0.2503220769885948
0.2503220769885948
0.3172146372639826
1.0842957918816618
0.4338293171392223
0.2503220769885948
0.3172146372639826
0.2503220769885948
0.2503220769885948
0.2503220769885948
0.2503220769885948
0.2503220769885948
0.2503220769885948
0.3172146372639826
0.2503220769885948
0.2503220769885948
0.3172146372639826
0.2503220769885948
0.2503220769885948
0.4338293171392223
0.2503220769885948
0.5303210017246625
0.2503220769885948
0.4019826269622425
0.364350181312415
0.3172146372639826
0.364350181312415
0.3172146372639826
0.2503220769885948
0.364350181312415
0.2503220769885948
0.2503220769885948
0.2503220769885948
0.4617140125732895
0.2503220769885948
0.2503220769885948
0.2503220769885948
0.364350181312415
0.4866839450417899
0.2503220769885948
0.3172146372639826
0.2503220769885948
0.2503220769885948
0.2503220769885948
0.4019826269622425
0.2503220769885948
0.2503220769885948
0.3172146372639826
0.3172146372639826
0.3172146372639826
0.2503220769885948
0.3172146372639826
0.2503220769885948
0.2503220769885948
0.2503220769885948
0.2503220769885948
0.2503220769885948
0.2503220769885948
0.3172146372639826
0.4617140125732895
0.2503220769885948
0.7083809216951199
0.2503220769885948
0.2503220769885948
0.2503220769885948
0.3172146372639826
0.2503220769885948
0.5094028250814666
0.2503220769885948
0.5303210017246625
0.2503220769885948
0.2503220769885948
0.2503220769885948
0.2503220769885948
0.2503220769885948
0.3172146372639826
0.2503220769885948
0.3172146372639826
0.2503220769885948
0.2503220769885948
0.2503220769885948
0.5679573953237599
0.4617140125732895
0.2503220769885948
0.3172146372639826
0.2503220769885948
0.2503220769885948
0.3172146372639826
0.2503220769885948
0.4019826269622425
0.364350181312415
0.2503220769885948
0.2503220769885948
0.2503220769885948
0.2503220769885948
0.2503220769885948
0.2503220769885948
0.4019826269622425
0.3172146372639826
0.2503220769885948
0.3172146372639826
0.2503220769885948
0.3172146372639826
0.3172146372639826
0.2503220769885948
0.4019826269622425
0.2503220769885948
0.2503220769885948
0.2503220769885948
0.2503220769885948
0.2503220769885948
0.2503220769885948
0.364350181312415
1.0082144214847675
0.3172146372639826
0.2503220769885948
0.2503220769885948
0.6167385351938792
0.2503220769885948
0.2503220769885948
0.3172146372639826
0.2503220769885948
0.364350181312415
0.2503220769885948
0.2503220769885948
0.2503220769885948
0.2503220769885948
0.2503220769885948
0.2503220769885948
0.7518628747158366
0.3172146372639826
0.3172146372639826
0.2503220769885948
0.2503220769885948
0.2503220769885948
0.3172146372639826
0.2503220769885948
0.2503220769885948
0.2503220769885948
0.2503220769885948
0.2503220769885948
0.2503220769885948
0.2503220769885948
0.2503220769885948
0.3172146372639826
0.3172146372639826
0.2503220769885948
0.2503220769885948
0.2503220769885948
0.4338293171392223
0.2503220769885948
0.2503220769885948
0.2503220769885948
0.2503220769885948
0.2503220769885948
0.8351517362384213
0.3172146372639826
0.2503220769885948
0.2503220769885948
0.6720365467534266
0.2503220769885948
0.2503220769885948
0.2503220769885948
0.3172146372639826
0.2503220769885948
0.2503220769885948
0.2503220769885948
0.2503220769885948
0.2503220769885948
0.2503220769885948
0.2503220769885948
0.2503220769885948
0.2503220769885948
0.3172146372639826
0.3172146372639826
0.3172146372639826
0.3172146372639826
0.2503220769885948
0.2503220769885948
0.2503220769885948
0.2503220769885948
0.3172146372639826
0.2503220769885948
0.2503220769885948
0.3172146372639826
0.2503220769885948
0.2503220769885948
0.364350181312415
0.2503220769885948
0.4019826269622425
0.3172146372639826
0.2503220769885948
0.2503220769885948
0.2503220769885948
0.2503220769885948
0.6455284900293785
0.3172146372639826
0.2503220769885948
0.2503220769885948
0.2503220769885948
0.2503220769885948
0.2503220769885948
0.2503220769885948
0.2503220769885948
0.2503220769885948
0.2503220769885948
0.2503220769885948
0.3172146372639826
0.2503220769885948
0.2503220769885948
0.2503220769885948
0.2503220769885948
0.2503220769885948
0.2503220769885948
0.2503220769885948
0.4617140125732895
0.3172146372639826
0.2503220769885948
0.2503220769885948
0.364350181312415
0.2503220769885948
0.2503220769885948
0.2503220769885948
0.4617140125732895
0.2503220769885948
0.2503220769885948
0.2503220769885948
0.2503220769885948
0.2503220769885948
0.4338293171392223
0.2503220769885948
0.2503220769885948
0.2503220769885948
0.2503220769885948
0.2503220769885948
0.364350181312415
0.2503220769885948
0.364350181312415
0.2503220769885948
0.3172146372639826
0.2503220769885948
0.5850959882567891
0.2503220769885948
0.2503220769885948
0.2503220769885948
0.3172146372639826
0.2503220769885948
0.2503220769885948
0.2503220769885948
0.6455284900293785
0.2503220769885948
0.2503220769885948
0.2503220769885948
0.364350181312415
0.3172146372639826
0.2503220769885948
0.2503220769885948
0.2503220769885948
0.2503220769885948
0.364350181312415
0.2503220769885948
0.2503220769885948
0.2503220769885948
0.2503220769885948
0.2503220769885948
0.2503220769885948
0.2503220769885948
0.2503220769885948
0.2503220769885948
0.3172146372639826
0.2503220769885948
0.2503220769885948
0.2503220769885948
0.2503220769885948
0.2503220769885948
0.4866839450417899
0.2503220769885948
0.2503220769885948
0.3172146372639826
0.2503220769885948
0.2503220769885948
0.2503220769885948
0.2503220769885948
0.3172146372639826
0.2503220769885948
0.3172146372639826
0.2503220769885948
0.6455284900293785
0.3172146372639826
0.4019826269622425
0.2503220769885948
0.4338293171392223
0.3172146372639826
0.2503220769885948
0.2503220769885948
0.2503220769885948
0.3172146372639826
0.2503220769885948
0.2503220769885948
0.2503220769885948
0.4019826269622425
0.364350181312415
0.2503220769885948
0.364350181312415
0.2503220769885948
0.4019826269622425
0.2503220769885948
0.2503220769885948
0.2503220769885948
0.2503220769885948
0.2503220769885948
0.2503220769885948
0.2503220769885948
0.2503220769885948
0.2503220769885948
0.2503220769885948
0.2503220769885948
0.2503220769885948
0.3172146372639826
0.4617140125732895
0.2503220769885948
0.2503220769885948
0.2503220769885948
0.3172146372639826
0.2503220769885948
0.2503220769885948
0.2503220769885948
0.2503220769885948
0.2503220769885948
0.2503220769885948
0.2503220769885948
0.2503220769885948
0.2503220769885948
0.2503220769885948
0.2503220769885948
0.4617140125732895
0.2503220769885948
0.2503220769885948
0.2503220769885948
0.3172146372639826
0.2503220769885948
0.2503220769885948
0.2503220769885948
0.4338293171392223
0.2503220769885948
0.2503220769885948
0.2503220769885948
0.2503220769885948
0.2503220769885948
0.2503220769885948
0.3172146372639826
0.2503220769885948
0.3172146372639826
0.2503220769885948
0.2503220769885948
0.2503220769885948
0.2503220769885948
0.2503220769885948
0.2503220769885948
0.2503220769885948
0.2503220769885948
0.2503220769885948
0.2503220769885948
0.2503220769885948
0.2503220769885948
0.2503220769885948
0.2503220769885948
0.2503220769885948
0.2503220769885948
0.4019826269622425
0.2503220769885948
0.2503220769885948
0.2503220769885948
0.2503220769885948
0.3172146372639826
0.2503220769885948
0.2503220769885948
0.2503220769885948
0.2503220769885948
0.2503220769885948
0.2503220769885948
0.2503220769885948
0.2503220769885948
0.3172146372639826
0.2503220769885948
0.4019826269622425
0.2503220769885948
0.2503220769885948
0.2503220769885948
0.3172146372639826
0.2503220769885948
0.6167385351938792
0.2503220769885948
0.2503220769885948
0.2503220769885948
0.4019826269622425
0.2503220769885948
0.2503220769885948
0.3172146372639826
0.2503220769885948
0.2503220769885948
0.2503220769885948
0.2503220769885948
0.2503220769885948
0.2503220769885948
0.2503220769885948
0.2503220769885948
0.4019826269622425
0.2503220769885948
0.5497597779882185
0.3172146372639826
0.3172146372639826
0.2503220769885948
0.2503220769885948
0.2503220769885948
0.3172146372639826
0.2503220769885948
0.2503220769885948
0.2503220769885948
0.4019826269622425
0.2503220769885948
0.2503220769885948
0.2503220769885948
0.2503220769885948
0.2503220769885948
0.5679573953237599
0.2503220769885948
0.2503220769885948
0.2503220769885948
0.2503220769885948
0.2503220769885948
0.2503220769885948
0.2503220769885948
0.2503220769885948
0.2503220769885948
0.5679573953237599
0.2503220769885948
0.2503220769885948
0.2503220769885948
0.364350181312415
0.3172146372639826
0.364350181312415
0.2503220769885948
0.364350181312415
0.2503220769885948
0.6013183008535015
0.2503220769885948
0.2503220769885948
0.2503220769885948
0.3172146372639826
0.2503220769885948
0.7307450630454506
0.2503220769885948
0.364350181312415
0.2503220769885948
0.2503220769885948
0.2503220769885948
0.364350181312415
0.2503220769885948
0.364350181312415
0.2503220769885948
0.2503220769885948
0.2503220769885948
0.2503220769885948
0.2503220769885948
0.4617140125732895
0.2503220769885948
0.7718957730642586
0.2503220769885948
0.2503220769885948
0.2503220769885948
0.5497597779882185
0.2503220769885948
0.4019826269622425
0.2503220769885948
0.2503220769885948
0.2503220769885948
0.2503220769885948
0.2503220769885948
0.2503220769885948
0.2503220769885948
0.2503220769885948
0.2503220769885948
0.2503220769885948
0.2503220769885948
0.2503220769885948
0.2503220769885948
0.2503220769885948
0.2503220769885948
0.2503220769885948
0.2503220769885948
0.2503220769885948
0.2503220769885948
0.2503220769885948
0.2503220769885948
0.2503220769885948
0.2503220769885948
0.2503220769885948
0.2503220769885948
0.2503220769885948
0.2503220769885948
0.2503220769885948
0.2503220769885948
0.2503220769885948
0.2503220769885948
0.2503220769885948
0.2503220769885948
0.2503220769885948
0.2503220769885948
0.4617140125732895
0.2503220769885948
0.2503220769885948
0.2503220769885948
0.2503220769885948
0.2503220769885948
0.6845666959935156
0.2503220769885948
0.6013183008535015
0.2503220769885948
0.2503220769885948
0.2503220769885948
0.2503220769885948
0.2503220769885948
0.3172146372639826
0.2503220769885948
0.5094028250814666
0.2503220769885948
0.2503220769885948
0.2503220769885948
0.4019826269622425
0.3172146372639826
0.2503220769885948
0.2503220769885948
0.2503220769885948
0.2503220769885948
0.364350181312415
0.2503220769885948
0.6590393148909387
0.2503220769885948
0.7518628747158366
0.2503220769885948
0.2503220769885948
0.2503220769885948
0.3172146372639826
0.2503220769885948
0.2503220769885948
0.2503220769885948
0.4338293171392223
0.2503220769885948
0.4617140125732895
0.2503220769885948
0.2503220769885948
0.2503220769885948
0.2503220769885948
0.2503220769885948
0.2503220769885948
0.2503220769885948
0.3172146372639826
0.2503220769885948
0.6590393148909387
0.2503220769885948
0.2503220769885948
0.2503220769885948
0.2503220769885948
0.2503220769885948
0.2503220769885948
0.2503220769885948
0.2503220769885948
0.2503220769885948
0.364350181312415
0.2503220769885948
0.7414488322895513
0.2503220769885948
0.2503220769885948
0.2503220769885948
0.2503220769885948
0.2503220769885948
0.2503220769885948
0.2503220769885948
0.2503220769885948
0.2503220769885948
0.2503220769885948
0.2503220769885948
0.2503220769885948
0.2503220769885948
0.2503220769885948
0.2503220769885948
0.2503220769885948
0.2503220769885948
0.4019826269622425
0.2503220769885948
0.2503220769885948
0.2503220769885948
0.2503220769885948
0.2503220769885948
0.4617140125732895
0.2503220769885948
0.2503220769885948
0.2503220769885948
0.2503220769885948
0.2503220769885948
0.4338293171392223
0.2503220769885948
0.2503220769885948
0.2503220769885948
0.2503220769885948
0.2503220769885948
0.4019826269622425
0.2503220769885948
0.2503220769885948
0.2503220769885948
0.2503220769885948
0.2503220769885948
0.2503220769885948
0.2503220769885948
0.3172146372639826
0.2503220769885948
0.2503220769885948
0.2503220769885948
0.4617140125732895
0.2503220769885948
0.2503220769885948
0.2503220769885948
0.2503220769885948
0.2503220769885948
0.2503220769885948
0.2503220769885948
0.2503220769885948
0.2503220769885948
0.3172146372639826
0.2503220769885948
0.2503220769885948
0.2503220769885948
0.2503220769885948
0.2503220769885948
0.6966698688937693
0.2503220769885948
0.2503220769885948
0.3172146372639826
0.2503220769885948
0.2503220769885948
0.364350181312415
0.2503220769885948
0.2503220769885948
0.2503220769885948
0.2503220769885948
0.2503220769885948
0.2503220769885948
0.2503220769885948
0.364350181312415
0.2503220769885948
0.2503220769885948
0.2503220769885948
0.2503220769885948
0.2503220769885948
0.3172146372639826
0.2503220769885948
0.2503220769885948
0.2503220769885948
0.3172146372639826
0.2503220769885948
0.2503220769885948
0.2503220769885948
0.364350181312415
0.2503220769885948
0.9395832170058641
0.2503220769885948
0.4019826269622425
0.2503220769885948
0.2503220769885948
0.2503220769885948
0.2503220769885948
0.2503220769885948
0.2503220769885948
0.2503220769885948
0.364350181312415
0.2503220769885948
0.2503220769885948
0.2503220769885948
0.2503220769885948
0.2503220769885948
0.2503220769885948
0.2503220769885948
0.2503220769885948
0.2503220769885948
0.2503220769885948
0.2503220769885948
0.2503220769885948
0.2503220769885948
0.2503220769885948
0.2503220769885948
0.2503220769885948
0.2503220769885948
0.2503220769885948
0.2503220769885948
0.2503220769885948
0.2503220769885948
0.2503220769885948
0.2503220769885948
0.2503220769885948
0.2503220769885948
0.2503220769885948
0.2503220769885948
0.2503220769885948
0.2503220769885948
