2.3914180205113764
1.9248089309041692
1.811173193425013
1.3839562949858089
1.3415379884416148
0.8279959898635634
1.4958677948164534
0.7269040827128727
1.1039327440704771
1.691658086445029
0.9749681343931749
0.7916228796302467
1.1893506113051677
1.7977251759085842
1.0363296834496325
0.9899090847960355
0.8802704191117589
1.2288805263673
0.6310051142101374
1.3231234285808562
0.6962375919807432
0.6357411457029216
0.3364383123994799
0.5739922209076233
0.5739922209076233
0.6450257036966297
0.26302016740522605
0.5042670894315886
0.8337825393268771
0.5249782615963856
0.28471375000181215
0.3997550291585438
0.6213343991782085
0.6757527728762941
0.9899090847960355
0.7588112772751188
0.8589623186890493
0.6757527728762941
0.5682778282862936
0.6113823954209738
0.5249782615963856
0.3641873340456015
0.3885505501635798
1.2926534989122083
0.5113406652809888
0.49700862359167847
0.3364383123994799
0.5380012886540891
0.640413972852769
0.6881762999742155
0.616394863098387
0.616394863098387
0.5113406652809888
0.4303500342459329
0.4303500342459329
0.9178757089919385
0.5380012886540891
1.5907920834716014
0.8802704191117589
0.3037603833539365
0.43971679479901093
0.26302016740522605
0.16075195296101438
0.2056234558082395
0.37672654160220115
0.3997550291585438
0.3208547908939567
0.861678412203891
0.751931864611886
1.7435208339291721
0.7413932588331352
0.37672654160220115
0.37672654160220115
0.5249782615963856
0.3037603833539365
0.37672654160220115
0.3997550291585438
1.1408038459193164
0.48955241722342235
0.48955241722342235
0.531562184718825
1.301674683636984
0.16075195296101438
0.5249782615963856
0.4818841199255456
1.3964570742456037
0.8071407521128418
0.7978958508863563
0.7080209685627605
0.5624571599787834
0.5042670894315886
1.0478366654073048
0.640413972852769
0.16075195296101438
0.37672654160220115
0.616394863098387
0.5249782615963856
0.48955241722342235
0.5504758083424566
0.3037603833539365
0.2056234558082395
0.3208547908939567
0.3997550291585438
0.5042670894315886
0.531562184718825
0.3037603833539365
0.5565250240877521
0.16075195296101438
0.531562184718825
0.41041660583897094
0.23747327202724228
0.16075195296101438
0.26302016740522605
0.3997550291585438
0.26302016740522605
1.2188545857078865
0.3208547908939567
0.3641873340456015
0.16075195296101438
0.9706220936389774
0.3508110096864651
0.16075195296101438
0.531562184718825
0.7378192663589195
0.28471375000181215
0.23747327202724228
0.3641873340456015
0.23747327202724228
0.4487346549674761
0.43971679479901093
0.3208547908939567
0.23747327202724228
0.26302016740522605
0.5182409096680112
0.4303500342459329
0.4487346549674761
0.3037603833539365
0.5565250240877521
0.3208547908939567
0.16075195296101438
0.28471375000181215
0.41041660583897094
0.28471375000181215
0.16075195296101438
0.3037603833539365
0.16075195296101438
0.26302016740522605
0.41041660583897094
0.42059772561813813
0.3364383123994799
0.16075195296101438
0.4303500342459329
0.42059772561813813
0.8071407521128418
0.4487346549674761
1.3118475433832202
0.6881762999742155
0.5504758083424566
0.5851210927640058
0.49700862359167847
0.23747327202724228
0.6629001068060785
0.5380012886540891
0.2056234558082395
0.5739922209076233
0.16075195296101438
0.23747327202724228
0.26302016740522605
0.42059772561813813
0.16075195296101438
0.3364383123994799
0.2056234558082395
0.3364383123994799
0.6672343595775094
0.7041328952169004
0.26302016740522605
0.16075195296101438
0.5504758083424566
0.3997550291585438
0.2056234558082395
0.3037603833539365
0.16075195296101438
0.28471375000181215
0.23747327202724228
0.23747327202724228
0.3997550291585438
0.2056234558082395
0.16075195296101438
0.4658447801639309
0.43971679479901093
0.16075195296101438
0.6540737624248998
0.42059772561813813
0.5624571599787834
0.5042670894315886
0.16075195296101438
0.5042670894315886
0.26302016740522605
0.2056234558082395
0.3208547908939567
0.3364383123994799
0.3208547908939567
0.28471375000181215
0.7413932588331352
0.5249782615963856
0.579605151567449
0.3508110096864651
0.531562184718825
0.43971679479901093
0.26302016740522605
0.3508110096864651
0.16075195296101438
0.43971679479901093
0.16075195296101438
0.3208547908939567
0.5182409096680112
0.4658447801639309
0.16075195296101438
0.4818841199255456
0.3037603833539365
0.16075195296101438
0.16075195296101438
0.3997550291585438
0.531562184718825
0.16075195296101438
0.6011272416291499
0.2056234558082395
0.3037603833539365
0.3364383123994799
0.3885505501635798
0.23747327202724228
0.7305754196585165
0.6062941848459666
0.23747327202724228
0.3997550291585438
0.3208547908939567
0.3208547908939567
1.1004684144525012
0.2056234558082395
0.8394970811733141
0.6672343595775094
0.2056234558082395
0.26302016740522605
0.7041328952169004
0.3208547908939567
0.5443034317065182
0.6062941848459666
1.2145115628135297
0.23747327202724228
0.751931864611886
0.26302016740522605
0.41041660583897094
0.3641873340456015
0.457434965338851
0.3997550291585438
0.3037603833539365
0.16075195296101438
0.16075195296101438
0.28471375000181215
0.3208547908939567
0.3641873340456015
0.2056234558082395
0.6585137831089347
1.3256056112690082
0.3997550291585438
0.16075195296101438
0.26302016740522605
0.26302016740522605
0.3208547908939567
0.2056234558082395
0.3508110096864651
0.4487346549674761
0.23747327202724228
0.3037603833539365
0.16075195296101438
1.2086766351278073
0.7156829186364925
0.3508110096864651
0.5624571599787834
0.7156829186364925
0.23747327202724228
0.3208547908939567
0.26302016740522605
0.28471375000181215
0.26302016740522605
0.5249782615963856
0.26302016740522605
0.751931864611886
0.5380012886540891
0.2056234558082395
0.26302016740522605
1.3003928900693225
0.16075195296101438
0.7305754196585165
0.5380012886540891
0.3208547908939567
0.16075195296101438
0.775532136487958
0.3641873340456015
0.7787987348207561
0.26302016740522605
0.2056234558082395
0.41041660583897094
0.23747327202724228
0.5182409096680112
0.3885505501635798
0.3508110096864651
0.2056234558082395
0.640413972852769
0.3208547908939567
0.48955241722342235
0.3364383123994799
0.28471375000181215
0.2056234558082395
0.4303500342459329
0.23747327202724228
0.23747327202724228
0.43971679479901093
0.2056234558082395
0.3641873340456015
0.28471375000181215
0.42059772561813813
0.3208547908939567
1.1998271365347444
0.3037603833539365
0.5380012886540891
0.3364383123994799
0.5042670894315886
0.16075195296101438
0.6840805642844641
0.43971679479901093
0.23747327202724228
0.23747327202724228
0.16075195296101438
0.41041660583897094
0.7269040827128727
0.3208547908939567
0.16075195296101438
0.16075195296101438
0.26302016740522605
0.531562184718825
0.3037603833539365
0.2056234558082395
0.2056234558082395
0.2056234558082395
0.23747327202724228
0.23747327202724228
0.42059772561813813
0.3364383123994799
0.16075195296101438
0.23747327202724228
0.23747327202724228
0.16075195296101438
0.2056234558082395
0.16075195296101438
0.3208547908939567
0.5504758083424566
0.23747327202724228
0.4818841199255456
0.2056234558082395
0.3208547908939567
0.6881762999742155
0.2056234558082395
0.23747327202724228
0.3364383123994799
0.5443034317065182
0.16075195296101438
0.16075195296101438
0.28471375000181215
0.5624571599787834
0.16075195296101438
0.47398762898814173
0.3508110096864651
0.3037603833539365
0.41041660583897094
0.23747327202724228
0.2056234558082395
0.4658447801639309
0.16075195296101438
0.16075195296101438
0.3037603833539365
0.16075195296101438
0.16075195296101438
0.2056234558082395
0.28471375000181215
0.48955241722342235
0.3037603833539365
0.3364383123994799
0.4303500342459329
0.16075195296101438
0.2056234558082395
0.42059772561813813
0.3208547908939567
0.16075195296101438
0.37672654160220115
0.2056234558082395
0.23747327202724228
0.16075195296101438
0.3037603833539365
0.37672654160220115
0.23747327202724228
0.3885505501635798
0.16075195296101438
0.49700862359167847
0.23747327202724228
0.23747327202724228
0.28471375000181215
0.3508110096864651
0.3641873340456015
0.2056234558082395
0.3364383123994799
0.28471375000181215
0.3037603833539365
0.3885505501635798
0.26302016740522605
0.23747327202724228
0.16075195296101438
0.42059772561813813
0.3885505501635798
0.5851210927640058
0.3037603833539365
0.5565250240877521
0.3037603833539365
0.16075195296101438
0.16075195296101438
0.2056234558082395
0.16075195296101438
0.9081226269061599
0.2056234558082395
0.3885505501635798
0.2056234558082395
0.16075195296101438
0.16075195296101438
0.42059772561813813
0.16075195296101438
1.0987288000210815
0.16075195296101438
0.28471375000181215
0.28471375000181215
0.3208547908939567
0.3641873340456015
0.3641873340456015
0.37672654160220115
0.2056234558082395
0.16075195296101438
0.2056234558082395
0.2056234558082395
0.2056234558082395
0.16075195296101438
0.16075195296101438
0.28471375000181215
0.595878381588109
0.42059772561813813
1.1342609555026084
0.26302016740522605
0.5182409096680112
0.3885505501635798
0.3885505501635798
0.3997550291585438
0.16075195296101438
0.23747327202724228
0.26302016740522605
0.23747327202724228
0.3508110096864651
0.16075195296101438
0.23747327202724228
0.23747327202724228
0.5042670894315886
0.3364383123994799
0.6672343595775094
0.16075195296101438
0.16075195296101438
0.5042670894315886
0.3208547908939567
0.16075195296101438
0.16075195296101438
0.26302016740522605
0.3208547908939567
0.3037603833539365
0.3997550291585438
0.16075195296101438
0.16075195296101438
0.23747327202724228
0.43971679479901093
0.37672654160220115
0.640413972852769
0.16075195296101438
0.47398762898814173
0.3208547908939567
0.5380012886540891
0.2056234558082395
0.37672654160220115
0.16075195296101438
0.3208547908939567
0.23747327202724228
0.23747327202724228
0.3364383123994799
0.16075195296101438
0.16075195296101438
0.26302016740522605
0.2056234558082395
0.7378192663589195
0.26302016740522605
0.16075195296101438
0.2056234558082395
0.16075195296101438
0.2056234558082395
0.16075195296101438
0.3037603833539365
0.41041660583897094
0.42059772561813813
0.28471375000181215
0.16075195296101438
0.3037603833539365
0.2056234558082395
0.847938754748282
0.23747327202724228
0.42059772561813813
0.26302016740522605
0.26302016740522605
0.6672343595775094
0.16075195296101438
0.3037603833539365
0.16075195296101438
0.26302016740522605
0.3208547908939567
0.28471375000181215
0.3208547908939567
0.2056234558082395
0.4303500342459329
0.16075195296101438
0.2056234558082395
0.3037603833539365
0.9006810592084916
0.23747327202724228
0.2056234558082395
0.3885505501635798
0.16075195296101438
0.16075195296101438
0.49700862359167847
0.16075195296101438
0.5443034317065182
0.3885505501635798
0.23747327202724228
0.2056234558082395
0.16075195296101438
0.41041660583897094
0.2056234558082395
0.2056234558082395
0.28471375000181215
0.23747327202724228
0.23747327202724228
0.28471375000181215
0.41041660583897094
0.2056234558082395
0.16075195296101438
0.2056234558082395
0.2056234558082395
0.16075195296101438
0.16075195296101438
0.3208547908939567
0.16075195296101438
0.16075195296101438
0.2056234558082395
0.23747327202724228
0.26302016740522605
0.16075195296101438
0.16075195296101438
0.26302016740522605
0.2056234558082395
0.6213343991782085
0.3885505501635798
0.16075195296101438
0.26302016740522605
0.3641873340456015
0.5042670894315886
0.2056234558082395
0.16075195296101438
0.16075195296101438
0.5042670894315886
0.16075195296101438
0.3037603833539365
0.2056234558082395
0.28471375000181215
0.3208547908939567
0.26302016740522605
0.23747327202724228
0.16075195296101438
0.16075195296101438
0.2056234558082395
0.16075195296101438
0.49700862359167847
0.37672654160220115
0.3641873340456015
0.26302016740522605
0.2056234558082395
0.23747327202724228
0.28471375000181215
0.16075195296101438
0.16075195296101438
0.4658447801639309
0.3208547908939567
0.26302016740522605
1.314368493124603
0.26302016740522605
0.16075195296101438
0.28471375000181215
0.3508110096864651
0.3997550291585438
0.2056234558082395
0.3364383123994799
0.16075195296101438
0.23747327202724228
0.37672654160220115
0.3037603833539365
0.4818841199255456
0.2056234558082395
0.2056234558082395
0.16075195296101438
0.3208547908939567
0.2056234558082395
0.16075195296101438
0.26302016740522605
0.28471375000181215
0.2056234558082395
0.8589623186890493
0.16075195296101438
0.5380012886540891
0.3885505501635798
0.4658447801639309
0.3364383123994799
0.3508110096864651
0.23747327202724228
1.3118475433832202
0.2056234558082395
0.3508110096864651
0.2056234558082395
0.3037603833539365
0.3364383123994799
0.6011272416291499
0.23747327202724228
0.3885505501635798
0.26302016740522605
0.3208547908939567
0.3997550291585438
0.2056234558082395
0.4487346549674761
0.16075195296101438
0.16075195296101438
0.16075195296101438
0.2056234558082395
0.2056234558082395
0.23747327202724228
0.23747327202724228
0.16075195296101438
0.4303500342459329
0.16075195296101438
0.16075195296101438
0.2056234558082395
0.16075195296101438
0.42059772561813813
0.28471375000181215
0.23747327202724228
0.16075195296101438
0.2056234558082395
0.16075195296101438
0.3208547908939567
0.16075195296101438
0.28471375000181215
0.26302016740522605
0.3508110096864651
0.28471375000181215
0.2056234558082395
0.3037603833539365
0.28471375000181215
0.7378192663589195
0.16075195296101438
0.3364383123994799
0.2056234558082395
0.16075195296101438
0.16075195296101438
0.26302016740522605
0.28471375000181215
0.26302016740522605
0.2056234558082395
0.4818841199255456
0.23747327202724228
0.16075195296101438
0.16075195296101438
0.16075195296101438
0.2056234558082395
0.5249782615963856
0.28471375000181215
0.3208547908939567
0.3641873340456015
0.23747327202724228
0.16075195296101438
0.16075195296101438
0.23747327202724228
1.038263625280268
0.28471375000181215
0.2056234558082395
0.2056234558082395
0.16075195296101438
0.28471375000181215
0.5565250240877521
0.23747327202724228
0.16075195296101438
0.16075195296101438
0.16075195296101438
0.16075195296101438
0.5565250240877521
0.16075195296101438
0.16075195296101438
0.28471375000181215
0.3997550291585438
0.3208547908939567
0.2056234558082395
0.16075195296101438
0.16075195296101438
0.16075195296101438
0.3208547908939567
0.26302016740522605
0.3997550291585438
0.16075195296101438
0.16075195296101438
0.23747327202724228
0.16075195296101438
0.26302016740522605
0.3208547908939567
0.3364383123994799
0.2056234558082395
0.16075195296101438
0.16075195296101438
0.2056234558082395
0.6113823954209738
0.23747327202724228
0.28471375000181215
0.16075195296101438
0.457434965338851
0.3037603833539365
0.3364383123994799
0.16075195296101438
0.4487346549674761
0.3364383123994799
0.3508110096864651
0.23747327202724228
0.26302016740522605
0.2056234558082395
0.23747327202724228
0.16075195296101438
0.37672654160220115
0.23747327202724228
0.16075195296101438
0.16075195296101438
0.16075195296101438
0.23747327202724228
0.2056234558082395
0.2056234558082395
0.28471375000181215
0.16075195296101438
0.4818841199255456
0.3364383123994799
0.2056234558082395
0.2056234558082395
0.16075195296101438
0.23747327202724228
0.3037603833539365
0.2056234558082395
0.16075195296101438
0.16075195296101438
0.16075195296101438
0.16075195296101438
0.6757527728762941
0.3208547908939567
0.6357411457029216
0.16075195296101438
0.16075195296101438
0.2056234558082395
0.5739922209076233
0.16075195296101438
0.16075195296101438
0.3037603833539365
0.671518089735621
0.3364383123994799
0.28471375000181215
0.2056234558082395
0.16075195296101438
0.16075195296101438
0.23747327202724228
0.23747327202724228
0.28471375000181215
0.3037603833539365
0.2056234558082395
0.23747327202724228
0.37672654160220115
0.26302016740522605
0.16075195296101438
0.16075195296101438
0.3364383123994799
0.3037603833539365
0.2056234558082395
0.16075195296101438
0.16075195296101438
0.16075195296101438
0.26302016740522605
0.16075195296101438
0.43971679479901093
0.3364383123994799
0.5504758083424566
0.16075195296101438
0.16075195296101438
0.2056234558082395
0.3037603833539365
0.28471375000181215
0.457434965338851
0.3997550291585438
0.16075195296101438
0.28471375000181215
0.3208547908939567
0.26302016740522605
0.4303500342459329
0.16075195296101438
0.16075195296101438
0.23747327202724228
0.457434965338851
0.3508110096864651
0.5113406652809888
0.23747327202724228
0.4487346549674761
0.3508110096864651
0.5182409096680112
0.16075195296101438
0.16075195296101438
0.16075195296101438
0.16075195296101438
0.16075195296101438
0.3885505501635798
0.23747327202724228
0.2056234558082395
0.16075195296101438
0.16075195296101438
0.3208547908939567
0.41041660583897094
0.2056234558082395
0.23747327202724228
0.3364383123994799
0.16075195296101438
0.16075195296101438
1.3193842252755799
0.23747327202724228
0.41041660583897094
0.16075195296101438
0.4303500342459329
0.16075195296101438
0.16075195296101438
0.23747327202724228
0.16075195296101438
0.16075195296101438
0.23747327202724228
0.26302016740522605
0.2056234558082395
0.2056234558082395
0.3208547908939567
0.28471375000181215
0.23747327202724228
0.23747327202724228
0.28471375000181215
0.23747327202724228
0.2056234558082395
0.23747327202724228
0.579605151567449
0.26302016740522605
0.5380012886540891
0.2056234558082395
0.16075195296101438
0.23747327202724228
0.7655792806889488
0.3364383123994799
0.26302016740522605
0.16075195296101438
0.16075195296101438
0.23747327202724228
0.23747327202724228
0.16075195296101438
0.2056234558082395
0.28471375000181215
0.5565250240877521
0.3641873340456015
0.16075195296101438
0.16075195296101438
0.16075195296101438
0.16075195296101438
0.2056234558082395
0.16075195296101438
0.23747327202724228
0.2056234558082395
0.16075195296101438
0.16075195296101438
0.3037603833539365
0.23747327202724228
0.3997550291585438
0.16075195296101438
0.16075195296101438
0.23747327202724228
0.2056234558082395
0.26302016740522605
0.16075195296101438
0.28471375000181215
0.26302016740522605
0.2056234558082395
0.16075195296101438
0.16075195296101438
0.16075195296101438
0.16075195296101438
0.16075195296101438
0.26302016740522605
0.16075195296101438
0.16075195296101438
0.2056234558082395
0.5905442082352041
0.16075195296101438
0.28471375000181215
0.2056234558082395
0.3037603833539365
0.6799398165033206
0.16075195296101438
0.616394863098387
0.2056234558082395
0.16075195296101438
0.23747327202724228
0.4658447801639309
0.2056234558082395
0.16075195296101438
0.16075195296101438
0.26302016740522605
0.26302016740522605
0.16075195296101438
0.2056234558082395
0.2056234558082395
0.16075195296101438
0.3508110096864651
0.16075195296101438
0.2056234558082395
0.16075195296101438
0.16075195296101438
0.16075195296101438
0.5443034317065182
0.16075195296101438
0.16075195296101438
0.26302016740522605
0.16075195296101438
0.3208547908939567
0.16075195296101438
0.3508110096864651
0.26302016740522605
0.16075195296101438
0.3997550291585438
0.16075195296101438
0.16075195296101438
0.28471375000181215
0.26302016740522605
0.2056234558082395
0.3037603833539365
0.16075195296101438
0.6310051142101374
0.2056234558082395
0.26302016740522605
0.3037603833539365
0.2056234558082395
0.16075195296101438
0.26302016740522605
0.23747327202724228
0.16075195296101438
0.3037603833539365
0.37672654160220115
0.3037603833539365
0.26302016740522605
0.23747327202724228
0.16075195296101438
0.4487346549674761
0.16075195296101438
0.3037603833539365
0.16075195296101438
0.16075195296101438
0.16075195296101438
0.23747327202724228
0.16075195296101438
0.26302016740522605
0.2056234558082395
0.16075195296101438
0.16075195296101438
0.26302016740522605
0.6585137831089347
0.3997550291585438
0.26302016740522605
0.23747327202724228
0.16075195296101438
0.2056234558082395
0.16075195296101438
0.26302016740522605
0.26302016740522605
0.16075195296101438
0.7342135625481059
0.16075195296101438
0.28471375000181215
0.2056234558082395
0.43971679479901093
0.3508110096864651
0.37672654160220115
0.2056234558082395
0.26302016740522605
0.16075195296101438
0.16075195296101438
0.2056234558082395
0.2056234558082395
0.16075195296101438
0.16075195296101438
0.16075195296101438
0.3508110096864651
0.23747327202724228
0.16075195296101438
0.26302016740522605
0.41041660583897094
0.23747327202724228
0.3037603833539365
0.16075195296101438
0.16075195296101438
0.23747327202724228
0.5380012886540891
0.16075195296101438
0.16075195296101438
0.16075195296101438
0.5113406652809888
0.2056234558082395
0.2056234558082395
0.16075195296101438
0.3037603833539365
0.16075195296101438
0.3208547908939567
0.3037603833539365
0.2056234558082395
0.16075195296101438
0.3037603833539365
0.41041660583897094
0.3037603833539365
0.2056234558082395
0.2056234558082395
0.2056234558082395
0.16075195296101438
0.16075195296101438
0.16075195296101438
0.2056234558082395
0.37672654160220115
0.23747327202724228
0.16075195296101438
0.3037603833539365
0.23747327202724228
0.3208547908939567
0.16075195296101438
0.28471375000181215
0.16075195296101438
0.16075195296101438
0.16075195296101438
0.16075195296101438
0.26302016740522605
0.16075195296101438
1.1771685146877118
0.3364383123994799
0.26302016740522605
0.16075195296101438
0.6495783354593322
0.2056234558082395
0.2056234558082395
0.2056234558082395
0.28471375000181215
0.2056234558082395
0.2056234558082395
0.23747327202724228
0.16075195296101438
0.23747327202724228
0.26302016740522605
0.2056234558082395
0.43971679479901093
0.16075195296101438
0.16075195296101438
0.2056234558082395
0.3997550291585438
0.2056234558082395
0.16075195296101438
0.3208547908939567
0.16075195296101438
0.2056234558082395
0.16075195296101438
0.23747327202724228
0.16075195296101438
0.16075195296101438
0.2056234558082395
0.3037603833539365
0.16075195296101438
0.2056234558082395
0.8009990321110753
0.2056234558082395
0.16075195296101438
0.3208547908939567
0.16075195296101438
0.3641873340456015
0.16075195296101438
0.2056234558082395
0.16075195296101438
0.16075195296101438
0.23747327202724228
0.16075195296101438
0.5905442082352041
0.2056234558082395
0.3037603833539365
0.2056234558082395
0.2056234558082395
0.16075195296101438
0.3364383123994799
0.16075195296101438
0.6113823954209738
0.3641873340456015
0.16075195296101438
0.16075195296101438
0.2056234558082395
0.16075195296101438
0.16075195296101438
0.28471375000181215
0.42059772561813813
0.16075195296101438
0.4818841199255456
0.23747327202724228
0.16075195296101438
0.3364383123994799
0.23747327202724228
0.3364383123994799
0.3037603833539365
0.2056234558082395
0.23747327202724228
0.16075195296101438
0.16075195296101438
0.26302016740522605
0.16075195296101438
0.2056234558082395
0.2056234558082395
0.23747327202724228
0.3364383123994799
0.16075195296101438
0.23747327202724228
0.23747327202724228
0.47398762898814173
0.42059772561813813
0.4658447801639309
0.2056234558082395
0.16075195296101438
0.23747327202724228
0.2056234558082395
0.16075195296101438
0.2056234558082395
0.16075195296101438
0.3364383123994799
0.16075195296101438
0.16075195296101438
0.16075195296101438
0.16075195296101438
0.16075195296101438
0.3997550291585438
0.2056234558082395
0.3037603833539365
0.3037603833539365
0.26302016740522605
0.16075195296101438
0.16075195296101438
0.16075195296101438
0.16075195296101438
0.16075195296101438
0.2056234558082395
0.16075195296101438
0.531562184718825
0.23747327202724228
0.26302016740522605
0.28471375000181215
0.16075195296101438
0.16075195296101438
0.28471375000181215
0.2056234558082395
0.26302016740522605
0.16075195296101438
0.16075195296101438
0.2056234558082395
0.5504758083424566
0.2056234558082395
0.3208547908939567
0.2056234558082395
0.47398762898814173
0.26302016740522605
0.2056234558082395
0.23747327202724228
0.16075195296101438
0.2056234558082395
0.2056234558082395
0.16075195296101438
0.16075195296101438
0.28471375000181215
0.16075195296101438
0.16075195296101438
0.2056234558082395
0.23747327202724228
0.3037603833539365
0.16075195296101438
0.2056234558082395
0.16075195296101438
0.2056234558082395
0.3208547908939567
0.16075195296101438
0.16075195296101438
0.16075195296101438
0.23747327202724228
0.16075195296101438
0.28471375000181215
0.8366486683737061
0.16075195296101438
0.16075195296101438
0.16075195296101438
0.16075195296101438
0.16075195296101438
0.2056234558082395
0.2056234558082395
0.6757527728762941
0.3037603833539365
0.49700862359167847
0.26302016740522605
0.16075195296101438
0.2056234558082395
0.3364383123994799
0.16075195296101438
0.48955241722342235
0.23747327202724228
0.3037603833539365
0.2056234558082395
0.3641873340456015
0.16075195296101438
0.5042670894315886
0.16075195296101438
0.47398762898814173
0.2056234558082395
0.16075195296101438
0.2056234558082395
0.2056234558082395
0.16075195296101438
0.6262036508705444
0.23747327202724228
0.23747327202724228
0.16075195296101438
0.23747327202724228
0.3037603833539365
0.16075195296101438
0.26302016740522605
0.28471375000181215
0.26302016740522605
0.16075195296101438
0.16075195296101438
0.23747327202724228
0.16075195296101438
0.16075195296101438
0.16075195296101438
0.16075195296101438
0.2056234558082395
0.23747327202724228
0.2056234558082395
0.16075195296101438
0.2056234558082395
0.16075195296101438
0.26302016740522605
0.16075195296101438
0.16075195296101438
0.2056234558082395
0.26302016740522605
0.2056234558082395
0.16075195296101438
0.6450257036966297
0.16075195296101438
0.16075195296101438
0.2056234558082395
0.16075195296101438
0.2056234558082395
0.5565250240877521
0.23747327202724228
0.5624571599787834
0.2056234558082395
0.2056234558082395
0.16075195296101438
0.16075195296101438
0.16075195296101438
0.3364383123994799
0.3208547908939567
0.3037603833539365
0.2056234558082395
0.41041660583897094
0.16075195296101438
0.2056234558082395
0.2056234558082395
0.26302016740522605
0.3641873340456015
0.3364383123994799
0.2056234558082395
0.2056234558082395
0.16075195296101438
0.16075195296101438
0.2056234558082395
0.16075195296101438
0.16075195296101438
0.3364383123994799
0.16075195296101438
0.28471375000181215
0.16075195296101438
0.6540737624248998
0.28471375000181215
0.2056234558082395
0.3641873340456015
0.8776580168952195
0.16075195296101438
0.16075195296101438
0.2056234558082395
0.28471375000181215
0.2056234558082395
0.48955241722342235
0.16075195296101438
0.4818841199255456
0.16075195296101438
0.531562184718825
0.16075195296101438
0.37672654160220115
0.3037603833539365
0.3208547908939567
0.16075195296101438
0.23747327202724228
0.16075195296101438
0.23747327202724228
0.23747327202724228
0.16075195296101438
0.16075195296101438
0.2056234558082395
0.16075195296101438
0.3508110096864651
0.3037603833539365
0.28471375000181215
0.2056234558082395
0.16075195296101438
0.2056234558082395
0.4487346549674761
0.2056234558082395
0.3208547908939567
0.16075195296101438
0.2056234558082395
0.16075195296101438
0.2056234558082395
0.16075195296101438
0.2056234558082395
0.3508110096864651
0.5042670894315886
0.26302016740522605
0.16075195296101438
0.16075195296101438
0.26302016740522605
0.2056234558082395
0.16075195296101438
0.23747327202724228
0.16075195296101438
0.23747327202724228
0.16075195296101438
0.16075195296101438
0.3208547908939567
0.16075195296101438
0.26302016740522605
0.23747327202724228
0.16075195296101438
0.26302016740522605
0.28471375000181215
0.16075195296101438
0.47398762898814173
0.26302016740522605
0.49700862359167847
0.16075195296101438
0.5504758083424566
0.16075195296101438
0.16075195296101438
0.16075195296101438
0.43971679479901093
0.16075195296101438
0.23747327202724228
0.16075195296101438
0.16075195296101438
0.16075195296101438
0.16075195296101438
0.2056234558082395
0.28471375000181215
0.2056234558082395
0.16075195296101438
0.16075195296101438
0.5113406652809888
0.23747327202724228
0.2056234558082395
0.16075195296101438
0.8643790502783026
0.28471375000181215
0.43971679479901093
0.26302016740522605
0.2056234558082395
0.2056234558082395
0.16075195296101438
0.16075195296101438
0.16075195296101438
0.2056234558082395
0.3364383123994799
0.2056234558082395
0.28471375000181215
0.16075195296101438
0.2056234558082395
0.16075195296101438
0.3364383123994799
0.2056234558082395
0.3885505501635798
0.16075195296101438
0.16075195296101438
0.16075195296101438
0.2056234558082395
0.2056234558082395
0.2056234558082395
0.26302016740522605
0.3037603833539365
0.2056234558082395
0.2056234558082395
0.3508110096864651
0.16075195296101438
0.2056234558082395
0.23747327202724228
0.2056234558082395
0.16075195296101438
0.2056234558082395
0.16075195296101438
0.16075195296101438
0.16075195296101438
0.26302016740522605
0.23747327202724228
0.23747327202724228
0.16075195296101438
0.26302016740522605
0.3641873340456015
0.23747327202724228
0.16075195296101438
0.16075195296101438
0.16075195296101438
0.16075195296101438
0.49700862359167847
0.16075195296101438
0.2056234558082395
0.16075195296101438
0.37672654160220115
0.23747327202724228
0.16075195296101438
0.23747327202724228
0.6450257036966297
0.2056234558082395
0.16075195296101438
0.16075195296101438
0.3508110096864651
0.2056234558082395
0.16075195296101438
0.2056234558082395
0.47398762898814173
0.16075195296101438
0.16075195296101438
0.16075195296101438
0.16075195296101438
0.16075195296101438
0.16075195296101438
0.16075195296101438
0.41041660583897094
0.16075195296101438
0.2056234558082395
0.16075195296101438
0.16075195296101438
0.16075195296101438
0.28471375000181215
0.16075195296101438
0.49700862359167847
0.28471375000181215
0.16075195296101438
0.16075195296101438
0.16075195296101438
0.16075195296101438
0.16075195296101438
0.16075195296101438
0.16075195296101438
0.2056234558082395
0.16075195296101438
0.16075195296101438
0.5380012886540891
0.16075195296101438
0.16075195296101438
0.26302016740522605
0.23747327202724228
0.16075195296101438
0.26302016740522605
0.16075195296101438
0.16075195296101438
0.16075195296101438
0.16075195296101438
0.16075195296101438
0.2056234558082395
0.16075195296101438
0.2056234558082395
0.16075195296101438
0.2056234558082395
0.16075195296101438
0.26302016740522605
0.16075195296101438
0.7118706590422577
0.16075195296101438
0.16075195296101438
0.16075195296101438
0.5249782615963856
0.2056234558082395
0.6629001068060785
0.2056234558082395
0.26302016740522605
0.16075195296101438
0.457434965338851
0.16075195296101438
0.16075195296101438
0.23747327202724228
0.16075195296101438
0.16075195296101438
0.16075195296101438
0.16075195296101438
0.3208547908939567
0.16075195296101438
0.2056234558082395
0.16075195296101438
0.16075195296101438
0.16075195296101438
0.16075195296101438
0.16075195296101438
0.16075195296101438
0.2056234558082395
0.16075195296101438
0.16075195296101438
0.16075195296101438
0.26302016740522605
0.16075195296101438
0.16075195296101438
0.16075195296101438
0.23747327202724228
0.42059772561813813
0.16075195296101438
0.16075195296101438
0.16075195296101438
0.3208547908939567
0.16075195296101438
0.16075195296101438
0.2056234558082395
0.2056234558082395
0.23747327202724228
0.16075195296101438
0.23747327202724228
0.2056234558082395
0.2056234558082395
0.16075195296101438
0.16075195296101438
0.7588112772751188
0.3037603833539365
0.16075195296101438
0.16075195296101438
0.2056234558082395
0.2056234558082395
0.16075195296101438
0.16075195296101438
0.3641873340456015
0.16075195296101438
0.16075195296101438
0.16075195296101438
0.16075195296101438
0.16075195296101438
0.3037603833539365
0.16075195296101438
0.2056234558082395
0.16075195296101438
0.16075195296101438
0.2056234558082395
0.16075195296101438
0.2056234558082395
0.3364383123994799
0.2056234558082395
0.16075195296101438
0.2056234558082395
0.16075195296101438
0.3208547908939567
0.3364383123994799
0.23747327202724228
0.16075195296101438
0.16075195296101438
0.2056234558082395
0.23747327202724228
0.16075195296101438
0.2056234558082395
0.616394863098387
0.28471375000181215
0.16075195296101438
0.16075195296101438
0.26302016740522605
0.23747327202724228
0.16075195296101438
0.23747327202724228
0.23747327202724228
0.16075195296101438
0.16075195296101438
0.16075195296101438
0.16075195296101438
0.16075195296101438
0.16075195296101438
0.16075195296101438
0.16075195296101438
0.16075195296101438
0.16075195296101438
0.16075195296101438
0.26302016740522605
0.23747327202724228
0.4487346549674761
0.26302016740522605
0.26302016740522605
0.2056234558082395
0.16075195296101438
0.16075195296101438
0.2056234558082395
0.2056234558082395
0.16075195296101438
0.16075195296101438
0.16075195296101438
0.28471375000181215
0.2056234558082395
0.3037603833539365
0.23747327202724228
0.2056234558082395
0.16075195296101438
0.26302016740522605
0.23747327202724228
0.23747327202724228
0.28471375000181215
0.2056234558082395
0.2056234558082395
0.23747327202724228
0.5504758083424566
0.16075195296101438
0.23747327202724228
0.16075195296101438
0.16075195296101438
0.2056234558082395
0.2056234558082395
0.26302016740522605
0.16075195296101438
0.2056234558082395
0.16075195296101438
0.16075195296101438
0.2056234558082395
0.16075195296101438
0.3037603833539365
0.2056234558082395
0.2056234558082395
0.16075195296101438
0.26302016740522605
0.16075195296101438
0.16075195296101438
0.23747327202724228
0.531562184718825
0.16075195296101438
0.16075195296101438
0.16075195296101438
0.16075195296101438
0.16075195296101438
0.23747327202724228
0.26302016740522605
0.16075195296101438
0.16075195296101438
0.16075195296101438
0.16075195296101438
0.16075195296101438
0.2056234558082395
0.23747327202724228
0.16075195296101438
0.16075195296101438
0.26302016740522605
0.16075195296101438
0.3037603833539365
0.3997550291585438
0.16075195296101438
0.3641873340456015
0.23747327202724228
0.16075195296101438
0.2056234558082395
0.16075195296101438
0.16075195296101438
0.16075195296101438
0.16075195296101438
0.640413972852769
0.3037603833539365
0.16075195296101438
0.16075195296101438
0.6495783354593322
0.23747327202724228
0.3037603833539365
0.16075195296101438
0.16075195296101438
0.16075195296101438
0.16075195296101438
0.16075195296101438
0.16075195296101438
0.3037603833539365
0.16075195296101438
0.16075195296101438
0.26302016740522605
0.23747327202724228
0.16075195296101438
0.16075195296101438
0.28471375000181215
0.16075195296101438
0.16075195296101438
0.2056234558082395
0.16075195296101438
0.16075195296101438
0.4303500342459329
0.2056234558082395
0.2056234558082395
0.16075195296101438
0.26302016740522605
0.26302016740522605
0.16075195296101438
0.16075195296101438
0.2056234558082395
0.16075195296101438
0.16075195296101438
0.2056234558082395
0.7305754196585165
0.2056234558082395
0.6062941848459666
0.2056234558082395
0.4303500342459329
0.23747327202724228
0.2056234558082395
0.16075195296101438
0.16075195296101438
0.2056234558082395
0.16075195296101438
0.2056234558082395
0.23747327202724228
0.23747327202724228
0.16075195296101438
0.23747327202724228
0.5739922209076233
0.16075195296101438
0.3508110096864651
0.16075195296101438
0.49700862359167847
0.16075195296101438
0.2056234558082395
0.16075195296101438
0.16075195296101438
0.2056234558082395
0.3364383123994799
0.16075195296101438
0.16075195296101438
0.16075195296101438
0.23747327202724228
0.23747327202724228
0.16075195296101438
0.2056234558082395
0.531562184718825
0.16075195296101438
0.16075195296101438
0.2056234558082395
0.16075195296101438
0.2056234558082395
0.3037603833539365
0.16075195296101438
0.16075195296101438
0.2056234558082395
0.16075195296101438
0.2056234558082395
0.23747327202724228
0.2056234558082395
0.16075195296101438
0.23747327202724228
0.16075195296101438
0.16075195296101438
0.3208547908939567
0.26302016740522605
0.26302016740522605
0.23747327202724228
0.26302016740522605
0.16075195296101438
0.16075195296101438
0.23747327202724228
0.37672654160220115
0.16075195296101438
0.2056234558082395
0.2056234558082395
0.16075195296101438
0.16075195296101438
0.6840805642844641
0.16075195296101438
0.16075195296101438
0.16075195296101438
0.28471375000181215
0.16075195296101438
0.3508110096864651
0.16075195296101438
0.16075195296101438
0.2056234558082395
0.5042670894315886
0.23747327202724228
0.3364383123994799
0.16075195296101438
0.23747327202724228
0.16075195296101438
0.2056234558082395
0.16075195296101438
0.2056234558082395
0.26302016740522605
0.16075195296101438
0.16075195296101438
0.16075195296101438
0.16075195296101438
0.2056234558082395
0.16075195296101438
0.6840805642844641
0.16075195296101438
0.457434965338851
0.16075195296101438
0.26302016740522605
0.23747327202724228
0.2056234558082395
0.16075195296101438
0.16075195296101438
0.16075195296101438
0.16075195296101438
0.16075195296101438
0.2056234558082395
0.16075195296101438
0.5380012886540891
0.16075195296101438
0.16075195296101438
0.2056234558082395
0.42059772561813813
0.16075195296101438
0.16075195296101438
0.16075195296101438
0.16075195296101438
0.16075195296101438
0.3364383123994799
0.28471375000181215
0.16075195296101438
0.16075195296101438
0.5739922209076233
0.16075195296101438
0.5249782615963856
0.2056234558082395
0.16075195296101438
0.16075195296101438
0.2056234558082395
0.16075195296101438
0.26302016740522605
0.16075195296101438
0.2056234558082395
0.16075195296101438
0.16075195296101438
0.16075195296101438
0.2056234558082395
0.16075195296101438
0.28471375000181215
0.16075195296101438
0.2056234558082395
0.16075195296101438
0.16075195296101438
0.16075195296101438
0.16075195296101438
0.16075195296101438
0.28471375000181215
0.16075195296101438
0.2056234558082395
0.2056234558082395
0.16075195296101438
0.2056234558082395
0.2056234558082395
0.2056234558082395
0.26302016740522605
0.16075195296101438
0.16075195296101438
0.16075195296101438
0.16075195296101438
0.16075195296101438
0.16075195296101438
0.16075195296101438
0.42059772561813813
0.23747327202724228
0.2056234558082395
0.16075195296101438
0.6062941848459666
0.28471375000181215
0.3641873340456015
0.2056234558082395
0.16075195296101438
0.16075195296101438
0.3364383123994799
0.2056234558082395
0.5249782615963856
0.16075195296101438
0.16075195296101438
0.16075195296101438
0.16075195296101438
0.28471375000181215
0.3037603833539365
0.16075195296101438
0.16075195296101438
0.26302016740522605
0.3641873340456015
0.23747327202724228
0.48955241722342235
0.16075195296101438
0.16075195296101438
0.26302016740522605
0.26302016740522605
0.16075195296101438
0.16075195296101438
0.16075195296101438
0.16075195296101438
0.16075195296101438
0.16075195296101438
0.2056234558082395
0.16075195296101438
0.26302016740522605
0.16075195296101438
0.23747327202724228
0.16075195296101438
0.16075195296101438
0.16075195296101438
0.2056234558082395
0.16075195296101438
0.2056234558082395
0.23747327202724228
0.16075195296101438
0.5624571599787834
0.2056234558082395
0.16075195296101438
0.16075195296101438
0.26302016740522605
0.16075195296101438
0.3508110096864651
0.16075195296101438
0.16075195296101438
0.16075195296101438
0.16075195296101438
0.2056234558082395
0.6840805642844641
0.16075195296101438
0.16075195296101438
0.23747327202724228
0.3508110096864651
0.2056234558082395
0.2056234558082395
0.3508110096864651
0.16075195296101438
0.28471375000181215
0.2056234558082395
0.16075195296101438
0.3508110096864651
0.2056234558082395
0.16075195296101438
0.16075195296101438
0.26302016740522605
0.16075195296101438
0.16075195296101438
0.16075195296101438
0.28471375000181215
0.26302016740522605
0.16075195296101438
0.16075195296101438
0.5182409096680112
0.16075195296101438
0.16075195296101438
0.16075195296101438
0.2056234558082395
0.16075195296101438
0.3037603833539365
0.23747327202724228
0.16075195296101438
0.2056234558082395
0.16075195296101438
0.26302016740522605
0.16075195296101438
0.2056234558082395
0.2056234558082395
0.2056234558082395
0.16075195296101438
0.16075195296101438
0.2056234558082395
0.16075195296101438
0.16075195296101438
0.16075195296101438
0.16075195296101438
0.2056234558082395
0.8562305420945551
0.16075195296101438
0.16075195296101438
0.16075195296101438
0.16075195296101438
0.16075195296101438
0.3037603833539365
0.16075195296101438
0.3364383123994799
0.16075195296101438
0.671518089735621
0.16075195296101438
0.16075195296101438
0.16075195296101438
0.16075195296101438
0.16075195296101438
0.2056234558082395
0.16075195296101438
0.16075195296101438
0.3364383123994799
0.2056234558082395
0.2056234558082395
0.16075195296101438
0.2056234558082395
0.7041328952169004
0.16075195296101438
0.16075195296101438
0.16075195296101438
0.16075195296101438
0.16075195296101438
0.16075195296101438
0.2056234558082395
0.2056234558082395
0.2056234558082395
0.2056234558082395
0.2056234558082395
0.2056234558082395
0.16075195296101438
0.16075195296101438
0.16075195296101438
0.16075195296101438
0.16075195296101438
0.37672654160220115
0.16075195296101438
0.26302016740522605
0.16075195296101438
0.16075195296101438
0.2056234558082395
0.595878381588109
0.2056234558082395
0.23747327202724228
0.16075195296101438
0.6262036508705444
0.16075195296101438
0.3364383123994799
0.2056234558082395
0.23747327202724228
0.2056234558082395
0.2056234558082395
0.16075195296101438
0.28471375000181215
0.16075195296101438
0.28471375000181215
0.16075195296101438
0.26302016740522605
0.23747327202724228
0.16075195296101438
0.2056234558082395
0.4658447801639309
0.26302016740522605
0.3208547908939567
0.16075195296101438
0.2056234558082395
0.16075195296101438
0.2056234558082395
0.2056234558082395
0.16075195296101438
0.2056234558082395
0.5565250240877521
0.16075195296101438
0.16075195296101438
0.16075195296101438
0.6262036508705444
0.26302016740522605
0.16075195296101438
0.16075195296101438
0.3037603833539365
0.16075195296101438
0.42059772561813813
0.16075195296101438
0.16075195296101438
0.16075195296101438
0.3208547908939567
0.16075195296101438
0.16075195296101438
0.16075195296101438
0.23747327202724228
0.2056234558082395
0.16075195296101438
0.2056234558082395
0.16075195296101438
0.16075195296101438
0.16075195296101438
0.16075195296101438
0.3364383123994799
0.23747327202724228
0.16075195296101438
0.2056234558082395
0.16075195296101438
0.16075195296101438
0.23747327202724228
0.16075195296101438
0.28471375000181215
0.16075195296101438
0.3885505501635798
0.16075195296101438
0.16075195296101438
0.2056234558082395
0.16075195296101438
0.16075195296101438
0.28471375000181215
0.23747327202724228
0.6672343595775094
0.2056234558082395
0.16075195296101438
0.16075195296101438
0.3208547908939567
0.16075195296101438
0.28471375000181215
0.16075195296101438
0.16075195296101438
0.16075195296101438
0.5443034317065182
0.16075195296101438
0.26302016740522605
0.16075195296101438
0.16075195296101438
0.16075195296101438
0.26302016740522605
0.16075195296101438
0.16075195296101438
0.2056234558082395
0.37672654160220115
0.16075195296101438
0.2056234558082395
0.2056234558082395
0.16075195296101438
0.2056234558082395
0.3208547908939567
0.16075195296101438
0.16075195296101438
0.2056234558082395
0.3208547908939567
0.16075195296101438
0.16075195296101438
0.16075195296101438
0.2056234558082395
0.16075195296101438
0.16075195296101438
0.16075195296101438
0.3997550291585438
0.16075195296101438
0.3208547908939567
0.16075195296101438
0.42059772561813813
0.23747327202724228
0.3037603833539365
0.16075195296101438
0.2056234558082395
0.26302016740522605
0.5113406652809888
0.2056234558082395
0.16075195296101438
0.16075195296101438
0.16075195296101438
0.16075195296101438
0.16075195296101438
0.2056234558082395
0.2056234558082395
0.16075195296101438
0.2056234558082395
0.16075195296101438
0.2056234558082395
0.16075195296101438
0.2056234558082395
0.28471375000181215
0.16075195296101438
0.16075195296101438
0.16075195296101438
0.16075195296101438
0.26302016740522605
0.2056234558082395
0.2056234558082395
0.16075195296101438
0.16075195296101438
0.16075195296101438
0.26302016740522605
0.2056234558082395
0.16075195296101438
0.2056234558082395
0.16075195296101438
0.2056234558082395
0.23747327202724228
0.2056234558082395
0.16075195296101438
0.2056234558082395
0.16075195296101438
0.16075195296101438
0.16075195296101438
0.16075195296101438
0.5042670894315886
0.16075195296101438
0.3641873340456015
0.2056234558082395
0.2056234558082395
0.16075195296101438
0.16075195296101438
0.16075195296101438
0.2056234558082395
0.16075195296101438
0.16075195296101438
0.16075195296101438
0.16075195296101438
0.16075195296101438
0.8451418578840776
0.16075195296101438
0.16075195296101438
0.16075195296101438
0.37672654160220115
0.3641873340456015
0.16075195296101438
0.2056234558082395
0.16075195296101438
0.16075195296101438
0.16075195296101438
0.16075195296101438
0.16075195296101438
0.16075195296101438
0.3208547908939567
0.16075195296101438
0.16075195296101438
0.16075195296101438
0.671518089735621
0.16075195296101438
0.16075195296101438
0.2056234558082395
0.16075195296101438
0.16075195296101438
0.16075195296101438
0.16075195296101438
0.28471375000181215
0.16075195296101438
0.3885505501635798
0.2056234558082395
0.2056234558082395
0.16075195296101438
0.28471375000181215
0.16075195296101438
0.16075195296101438
0.16075195296101438
0.2056234558082395
0.2056234558082395
0.3641873340456015
0.16075195296101438
0.16075195296101438
0.16075195296101438
0.16075195296101438
0.16075195296101438
0.2056234558082395
0.16075195296101438
0.3364383123994799
0.16075195296101438
0.3508110096864651
0.16075195296101438
0.16075195296101438
0.16075195296101438
0.16075195296101438
0.3037603833539365
0.16075195296101438
0.2056234558082395
0.16075195296101438
0.16075195296101438
0.16075195296101438
0.16075195296101438
0.3037603833539365
0.23747327202724228
0.16075195296101438
0.16075195296101438
0.16075195296101438
0.26302016740522605
0.4818841199255456
0.16075195296101438
0.23747327202724228
0.16075195296101438
0.23747327202724228
0.2056234558082395
0.26302016740522605
0.16075195296101438
0.23747327202724228
0.16075195296101438
0.16075195296101438
0.16075195296101438
0.16075195296101438
0.2056234558082395
0.23747327202724228
0.2056234558082395
0.3037603833539365
0.16075195296101438
0.23747327202724228
0.23747327202724228
0.16075195296101438
0.16075195296101438
0.23747327202724228
0.16075195296101438
0.23747327202724228
0.16075195296101438
0.2056234558082395
0.16075195296101438
0.43971679479901093
0.16075195296101438
0.6011272416291499
0.16075195296101438
0.3037603833539365
0.16075195296101438
0.23747327202724228
0.16075195296101438
0.16075195296101438
0.2056234558082395
0.16075195296101438
0.16075195296101438
0.5905442082352041
0.16075195296101438
0.4658447801639309
0.23747327202724228
0.16075195296101438
0.16075195296101438
0.16075195296101438
0.16075195296101438
0.16075195296101438
0.16075195296101438
0.3641873340456015
0.2056234558082395
0.16075195296101438
0.2056234558082395
0.16075195296101438
0.16075195296101438
0.23747327202724228
0.16075195296101438
0.16075195296101438
0.23747327202724228
0.6310051142101374
0.2056234558082395
0.3208547908939567
0.16075195296101438
0.2056234558082395
0.16075195296101438
0.2056234558082395
0.16075195296101438
0.23747327202724228
0.16075195296101438
0.28471375000181215
0.16075195296101438
0.5504758083424566
0.2056234558082395
0.26302016740522605
0.23747327202724228
0.16075195296101438
0.16075195296101438
0.16075195296101438
0.16075195296101438
0.16075195296101438
0.16075195296101438
0.16075195296101438
0.16075195296101438
0.16075195296101438
0.16075195296101438
0.2056234558082395
0.16075195296101438
0.16075195296101438
0.16075195296101438
0.16075195296101438
0.28471375000181215
0.16075195296101438
0.16075195296101438
0.16075195296101438
0.16075195296101438
0.23747327202724228
0.16075195296101438
0.16075195296101438
0.16075195296101438
0.16075195296101438
0.16075195296101438
0.3037603833539365
0.16075195296101438
0.16075195296101438
0.16075195296101438
0.16075195296101438
0.16075195296101438
0.42059772561813813
0.2056234558082395
0.16075195296101438
0.16075195296101438
0.595878381588109
0.16075195296101438
0.4303500342459329
0.16075195296101438
0.16075195296101438
0.23747327202724228
0.16075195296101438
0.16075195296101438
0.16075195296101438
0.16075195296101438
0.3037603833539365
0.16075195296101438
0.16075195296101438
0.16075195296101438
0.16075195296101438
0.16075195296101438
0.16075195296101438
0.16075195296101438
0.16075195296101438
0.2056234558082395
0.26302016740522605
0.16075195296101438
0.16075195296101438
0.16075195296101438
0.16075195296101438
0.16075195296101438
0.3037603833539365
0.2056234558082395
0.16075195296101438
0.2056234558082395
0.26302016740522605
0.16075195296101438
0.4818841199255456
0.16075195296101438
0.16075195296101438
0.16075195296101438
0.16075195296101438
0.16075195296101438
0.16075195296101438
0.16075195296101438
0.16075195296101438
0.16075195296101438
0.16075195296101438
0.16075195296101438
0.2056234558082395
0.16075195296101438
0.16075195296101438
0.16075195296101438
0.16075195296101438
0.16075195296101438
0.16075195296101438
0.16075195296101438
0.23747327202724228
0.2056234558082395
0.16075195296101438
0.16075195296101438
0.3508110096864651
0.16075195296101438
0.16075195296101438
0.16075195296101438
0.41041660583897094
0.16075195296101438
0.26302016740522605
0.16075195296101438
0.16075195296101438
0.2056234558082395
0.16075195296101438
0.16075195296101438
0.26302016740522605
0.16075195296101438
0.2056234558082395
0.16075195296101438
0.37672654160220115
0.16075195296101438
0.3037603833539365
0.16075195296101438
0.16075195296101438
0.2056234558082395
0.457434965338851
0.16075195296101438
0.16075195296101438
0.16075195296101438
0.2056234558082395
0.28471375000181215
0.16075195296101438
0.23747327202724228
0.16075195296101438
0.16075195296101438
0.4818841199255456
0.16075195296101438
0.23747327202724228
0.16075195296101438
0.8308984102215221
0.16075195296101438
0.16075195296101438
0.2056234558082395
0.16075195296101438
0.16075195296101438
0.16075195296101438
0.2056234558082395
0.16075195296101438
0.16075195296101438
0.16075195296101438
0.16075195296101438
0.16075195296101438
0.16075195296101438
0.16075195296101438
0.2056234558082395
0.16075195296101438
0.23747327202724228
0.2056234558082395
0.2056234558082395
0.28471375000181215
0.16075195296101438
0.16075195296101438
0.16075195296101438
0.16075195296101438
0.16075195296101438
0.16075195296101438
0.16075195296101438
0.16075195296101438
0.26302016740522605
0.16075195296101438
0.16075195296101438
0.2056234558082395
0.2056234558082395
0.16075195296101438
0.16075195296101438
0.16075195296101438
0.16075195296101438
0.16075195296101438
0.2056234558082395
0.2056234558082395
0.16075195296101438
0.7916228796302467
0.2056234558082395
0.16075195296101438
0.16075195296101438
0.16075195296101438
0.16075195296101438
0.4658447801639309
0.2056234558082395
0.2056234558082395
0.16075195296101438
0.16075195296101438
0.16075195296101438
0.23747327202724228
0.16075195296101438
0.16075195296101438
0.16075195296101438
0.8776580168952195
0.16075195296101438
0.3037603833539365
0.16075195296101438
0.9662404322259122
0.2056234558082395
0.2056234558082395
0.2056234558082395
0.16075195296101438
0.16075195296101438
0.16075195296101438
0.16075195296101438
0.16075195296101438
0.16075195296101438
0.23747327202724228
0.16075195296101438
0.2056234558082395
0.16075195296101438
0.16075195296101438
0.16075195296101438
0.16075195296101438
0.16075195296101438
0.3208547908939567
0.2056234558082395
0.26302016740522605
0.16075195296101438
0.23747327202724228
0.16075195296101438
0.16075195296101438
0.16075195296101438
0.16075195296101438
0.16075195296101438
0.16075195296101438
0.16075195296101438
0.16075195296101438
0.2056234558082395
0.16075195296101438
0.16075195296101438
0.16075195296101438
0.16075195296101438
0.16075195296101438
0.16075195296101438
0.16075195296101438
0.16075195296101438
0.457434965338851
0.28471375000181215
0.2056234558082395
0.16075195296101438
0.16075195296101438
0.2056234558082395
0.2056234558082395
0.16075195296101438
0.16075195296101438
0.16075195296101438
0.4658447801639309
0.3037603833539365
0.3037603833539365
0.16075195296101438
0.41041660583897094
0.16075195296101438
0.3037603833539365
0.2056234558082395
0.16075195296101438
0.2056234558082395
0.16075195296101438
0.16075195296101438
0.6011272416291499
0.16075195296101438
0.2056234558082395
0.2056234558082395
0.16075195296101438
0.2056234558082395
0.16075195296101438
0.16075195296101438
0.41041660583897094
0.16075195296101438
0.16075195296101438
0.16075195296101438
0.16075195296101438
0.3037603833539365
0.37672654160220115
0.16075195296101438
0.16075195296101438
0.16075195296101438
0.23747327202724228
0.16075195296101438
0.2056234558082395
0.16075195296101438
0.16075195296101438
0.2056234558082395
0.23747327202724228
0.16075195296101438
0.16075195296101438
0.16075195296101438
0.16075195296101438
0.16075195296101438
0.16075195296101438
0.16075195296101438
0.3037603833539365
0.16075195296101438
0.28471375000181215
0.23747327202724228
0.7002054474793629
0.16075195296101438
0.16075195296101438
0.16075195296101438
0.16075195296101438
0.16075195296101438
0.16075195296101438
0.16075195296101438
0.3037603833539365
0.2056234558082395
0.16075195296101438
0.16075195296101438
0.16075195296101438
0.16075195296101438
0.16075195296101438
0.16075195296101438
0.16075195296101438
0.16075195296101438
0.23747327202724228
0.16075195296101438
0.16075195296101438
0.16075195296101438
0.16075195296101438
0.16075195296101438
0.74844889249717
0.16075195296101438
0.16075195296101438
0.16075195296101438
0.16075195296101438
0.16075195296101438
0.16075195296101438
0.16075195296101438
0.16075195296101438
0.2056234558082395
0.42059772561813813
0.23747327202724228
0.16075195296101438
0.23747327202724228
0.16075195296101438
0.16075195296101438
0.457434965338851
0.2056234558082395
0.23747327202724228
0.16075195296101438
0.16075195296101438
0.16075195296101438
0.16075195296101438
0.2056234558082395
0.16075195296101438
0.16075195296101438
0.2056234558082395
0.16075195296101438
0.16075195296101438
0.16075195296101438
0.16075195296101438
0.16075195296101438
0.2056234558082395
0.16075195296101438
0.16075195296101438
0.16075195296101438
0.23747327202724228
0.23747327202724228
0.28471375000181215
0.16075195296101438
0.3885505501635798
0.16075195296101438
0.2056234558082395
0.2056234558082395
0.16075195296101438
0.16075195296101438
0.16075195296101438
0.16075195296101438
0.3641873340456015
0.16075195296101438
0.2056234558082395
0.16075195296101438
0.2056234558082395
0.2056234558082395
0.16075195296101438
0.16075195296101438
0.23747327202724228
0.16075195296101438
0.6262036508705444
0.2056234558082395
0.16075195296101438
0.16075195296101438
0.16075195296101438
0.16075195296101438
0.3997550291585438
0.2056234558082395
0.3208547908939567
0.16075195296101438
0.16075195296101438
0.2056234558082395
0.3364383123994799
0.16075195296101438
0.16075195296101438
0.2056234558082395
0.26302016740522605
0.2056234558082395
0.2056234558082395
0.16075195296101438
0.16075195296101438
0.16075195296101438
0.16075195296101438
0.2056234558082395
0.16075195296101438
0.16075195296101438
0.2056234558082395
0.16075195296101438
0.16075195296101438
0.16075195296101438
0.23747327202724228
0.16075195296101438
0.16075195296101438
0.16075195296101438
0.5182409096680112
0.16075195296101438
0.16075195296101438
0.16075195296101438
0.3208547908939567
0.16075195296101438
0.23747327202724228
0.16075195296101438
0.16075195296101438
0.23747327202724228
0.2056234558082395
0.16075195296101438
0.3208547908939567
0.16075195296101438
0.16075195296101438
0.16075195296101438
0.16075195296101438
0.16075195296101438
0.2056234558082395
0.16075195296101438
0.26302016740522605
0.16075195296101438
0.16075195296101438
0.16075195296101438
0.16075195296101438
0.16075195296101438
0.16075195296101438
0.16075195296101438
0.26302016740522605
0.16075195296101438
0.2056234558082395
0.16075195296101438
0.5565250240877521
0.16075195296101438
0.2056234558082395
0.16075195296101438
0.16075195296101438
0.16075195296101438
0.28471375000181215
0.16075195296101438
0.16075195296101438
0.23747327202724228
0.9856821249089278
0.2056234558082395
0.16075195296101438
0.16075195296101438
0.16075195296101438
0.16075195296101438
0.16075195296101438
0.16075195296101438
0.26302016740522605
0.16075195296101438
0.16075195296101438
0.28471375000181215
0.41041660583897094
0.16075195296101438
0.26302016740522605
0.16075195296101438
0.37672654160220115
0.16075195296101438
0.3037603833539365
0.2056234558082395
0.28471375000181215
0.2056234558082395
0.16075195296101438
0.16075195296101438
0.16075195296101438
0.16075195296101438
0.16075195296101438
0.16075195296101438
0.16075195296101438
0.16075195296101438
0.16075195296101438
0.3037603833539365
0.23747327202724228
0.2056234558082395
0.23747327202724228
0.16075195296101438
0.16075195296101438
0.16075195296101438
0.3508110096864651
0.16075195296101438
0.37672654160220115
0.16075195296101438
0.23747327202724228
0.16075195296101438
0.16075195296101438
0.2056234558082395
0.16075195296101438
0.16075195296101438
0.16075195296101438
0.16075195296101438
0.16075195296101438
0.16075195296101438
0.23747327202724228
0.16075195296101438
0.16075195296101438
0.16075195296101438
0.16075195296101438
0.16075195296101438
0.5905442082352041
0.2056234558082395
0.2056234558082395
0.16075195296101438
0.5113406652809888
0.2056234558082395
0.2056234558082395
0.16075195296101438
0.47398762898814173
0.2056234558082395
0.3208547908939567
0.23747327202724228
0.16075195296101438
0.16075195296101438
0.16075195296101438
0.16075195296101438
0.3508110096864651
0.16075195296101438
0.2056234558082395
0.16075195296101438
0.16075195296101438
0.16075195296101438
0.16075195296101438
0.2056234558082395
0.3037603833539365
0.16075195296101438
0.26302016740522605
0.23747327202724228
0.16075195296101438
0.16075195296101438
0.2056234558082395
0.16075195296101438
0.2056234558082395
0.2056234558082395
0.16075195296101438
0.16075195296101438
0.16075195296101438
0.16075195296101438
0.16075195296101438
0.2056234558082395
0.28471375000181215
0.16075195296101438
0.16075195296101438
0.16075195296101438
0.16075195296101438
0.16075195296101438
0.3364383123994799
0.16075195296101438
0.16075195296101438
0.16075195296101438
0.16075195296101438
0.16075195296101438
0.2056234558082395
0.16075195296101438
0.3885505501635798
0.16075195296101438
0.16075195296101438
0.16075195296101438
0.16075195296101438
0.16075195296101438
0.3208547908939567
0.2056234558082395
0.16075195296101438
0.16075195296101438
0.37672654160220115
0.16075195296101438
0.23747327202724228
0.16075195296101438
0.16075195296101438
0.16075195296101438
0.16075195296101438
0.16075195296101438
0.3364383123994799
0.2056234558082395
0.26302016740522605
0.16075195296101438
0.5182409096680112
0.16075195296101438
0.23747327202724228
0.16075195296101438
0.16075195296101438
0.16075195296101438
0.23747327202724228
0.16075195296101438
0.16075195296101438
0.16075195296101438
0.16075195296101438
0.16075195296101438
0.16075195296101438
0.16075195296101438
0.16075195296101438
0.2056234558082395
0.16075195296101438
0.16075195296101438
0.28471375000181215
0.2056234558082395
0.16075195296101438
0.16075195296101438
0.16075195296101438
0.16075195296101438
0.16075195296101438
0.16075195296101438
0.16075195296101438
0.16075195296101438
0.23747327202724228
0.16075195296101438
0.16075195296101438
0.26302016740522605
0.16075195296101438
0.16075195296101438
0.16075195296101438
0.16075195296101438
0.28471375000181215
0.16075195296101438
0.7342135625481059
0.2056234558082395
0.16075195296101438
0.16075195296101438
0.16075195296101438
0.16075195296101438
0.16075195296101438
0.16075195296101438
0.16075195296101438
0.2056234558082395
0.23747327202724228
0.16075195296101438
0.16075195296101438
0.16075195296101438
0.16075195296101438
0.16075195296101438
0.16075195296101438
0.16075195296101438
0.2056234558082395
0.16075195296101438
0.16075195296101438
0.16075195296101438
0.2056234558082395
0.16075195296101438
0.16075195296101438
0.16075195296101438
0.16075195296101438
0.2056234558082395
0.3364383123994799
0.16075195296101438
0.16075195296101438
0.16075195296101438
0.16075195296101438
0.2056234558082395
0.2056234558082395
0.16075195296101438
0.2056234558082395
0.23747327202724228
0.2056234558082395
0.16075195296101438
0.26302016740522605
0.16075195296101438
0.2056234558082395
0.2056234558082395
0.16075195296101438
0.16075195296101438
0.2056234558082395
0.16075195296101438
0.16075195296101438
0.16075195296101438
0.16075195296101438
0.16075195296101438
0.16075195296101438
0.23747327202724228
0.16075195296101438
0.16075195296101438
0.16075195296101438
0.16075195296101438
0.16075195296101438
0.2056234558082395
0.28471375000181215
0.16075195296101438
0.16075195296101438
0.16075195296101438
0.3641873340456015
0.16075195296101438
0.43971679479901093
0.16075195296101438
0.16075195296101438
0.16075195296101438
0.3508110096864651
0.16075195296101438
0.23747327202724228
0.2056234558082395
0.28471375000181215
0.16075195296101438
0.16075195296101438
0.16075195296101438
0.16075195296101438
0.2056234558082395
0.47398762898814173
0.16075195296101438
0.16075195296101438
0.16075195296101438
0.16075195296101438
0.16075195296101438
0.16075195296101438
0.16075195296101438
0.23747327202724228
0.16075195296101438
0.3885505501635798
0.26302016740522605
0.16075195296101438
0.16075195296101438
0.16075195296101438
0.16075195296101438
0.2056234558082395
0.16075195296101438
0.23747327202724228
0.16075195296101438
0.6113823954209738
0.16075195296101438
0.48955241722342235
0.16075195296101438
0.16075195296101438
0.16075195296101438
0.16075195296101438
0.16075195296101438
0.16075195296101438
0.2056234558082395
0.4487346549674761
0.2056234558082395
0.28471375000181215
0.16075195296101438
0.26302016740522605
0.16075195296101438
0.16075195296101438
0.16075195296101438
0.16075195296101438
0.16075195296101438
0.16075195296101438
0.16075195296101438
0.16075195296101438
0.16075195296101438
0.16075195296101438
0.16075195296101438
0.2056234558082395
0.16075195296101438
0.4487346549674761
0.16075195296101438
0.3037603833539365
0.16075195296101438
0.16075195296101438
0.16075195296101438
0.16075195296101438
0.16075195296101438
0.5504758083424566
0.16075195296101438
0.16075195296101438
0.2056234558082395
0.16075195296101438
0.16075195296101438
0.28471375000181215
0.16075195296101438
0.7553857895232692
0.16075195296101438
0.5905442082352041
0.16075195296101438
0.4303500342459329
0.16075195296101438
0.16075195296101438
0.16075195296101438
0.16075195296101438
0.16075195296101438
0.16075195296101438
0.16075195296101438
0.16075195296101438
0.16075195296101438
0.16075195296101438
0.16075195296101438
0.16075195296101438
0.16075195296101438
0.2056234558082395
0.16075195296101438
0.49700862359167847
0.16075195296101438
0.3885505501635798
0.16075195296101438
0.16075195296101438
0.16075195296101438
0.26302016740522605
0.16075195296101438
0.16075195296101438
0.16075195296101438
0.16075195296101438
0.2056234558082395
0.16075195296101438
0.16075195296101438
0.16075195296101438
0.16075195296101438
0.16075195296101438
0.16075195296101438
0.4818841199255456
0.16075195296101438
0.16075195296101438
0.16075195296101438
0.28471375000181215
0.16075195296101438
0.16075195296101438
0.23747327202724228
0.16075195296101438
0.16075195296101438
0.16075195296101438
0.16075195296101438
0.16075195296101438
0.16075195296101438
0.23747327202724228
0.16075195296101438
0.16075195296101438
0.16075195296101438
0.23747327202724228
0.16075195296101438
0.16075195296101438
0.16075195296101438
0.16075195296101438
0.2056234558082395
0.2056234558082395
0.16075195296101438
0.16075195296101438
0.26302016740522605
0.23747327202724228
0.16075195296101438
0.2056234558082395
0.16075195296101438
0.4818841199255456
0.2056234558082395
0.47398762898814173
0.16075195296101438
0.3885505501635798
0.16075195296101438
0.26302016740522605
0.16075195296101438
0.9130228121519376
0.2056234558082395
0.16075195296101438
0.2056234558082395
0.16075195296101438
0.16075195296101438
0.23747327202724228
0.16075195296101438
0.6113823954209738
0.2056234558082395
0.3364383123994799
0.16075195296101438
0.48955241722342235
0.16075195296101438
0.2056234558082395
0.16075195296101438
0.28471375000181215
0.26302016740522605
0.3364383123994799
0.16075195296101438
0.16075195296101438
0.16075195296101438
0.16075195296101438
0.16075195296101438
0.16075195296101438
0.16075195296101438
0.16075195296101438
0.16075195296101438
1.3029541896578236
0.3208547908939567
0.16075195296101438
0.2056234558082395
0.23747327202724228
0.16075195296101438
0.16075195296101438
0.16075195296101438
0.2056234558082395
0.23747327202724228
0.23747327202724228
0.16075195296101438
0.2056234558082395
0.16075195296101438
0.3208547908939567
0.16075195296101438
0.16075195296101438
0.16075195296101438
0.16075195296101438
0.16075195296101438
0.16075195296101438
0.16075195296101438
0.16075195296101438
0.16075195296101438
0.16075195296101438
0.2056234558082395
0.23747327202724228
0.16075195296101438
0.16075195296101438
0.16075195296101438
0.23747327202724228
0.16075195296101438
0.16075195296101438
0.16075195296101438
0.16075195296101438
0.16075195296101438
0.2056234558082395
0.16075195296101438
0.16075195296101438
0.16075195296101438
0.6011272416291499
0.16075195296101438
0.2056234558082395
0.16075195296101438
0.3364383123994799
0.16075195296101438
0.2056234558082395
0.2056234558082395
0.16075195296101438
0.16075195296101438
0.16075195296101438
0.16075195296101438
0.16075195296101438
0.16075195296101438
0.2056234558082395
0.16075195296101438
0.5042670894315886
0.16075195296101438
0.23747327202724228
0.23747327202724228
0.16075195296101438
0.16075195296101438
0.5504758083424566
0.16075195296101438
0.3641873340456015
0.16075195296101438
0.42059772561813813
0.16075195296101438
0.16075195296101438
0.2056234558082395
0.16075195296101438
0.16075195296101438
0.2056234558082395
0.2056234558082395
0.16075195296101438
0.16075195296101438
0.16075195296101438
0.16075195296101438
0.37672654160220115
0.16075195296101438
0.16075195296101438
0.16075195296101438
0.5380012886540891
0.16075195296101438
0.16075195296101438
0.16075195296101438
0.2056234558082395
0.16075195296101438
0.3364383123994799
0.2056234558082395
0.3508110096864651
0.16075195296101438
0.16075195296101438
0.16075195296101438
0.28471375000181215
0.16075195296101438
0.23747327202724228
0.16075195296101438
0.3885505501635798
0.16075195296101438
0.16075195296101438
0.16075195296101438
0.16075195296101438
0.16075195296101438
0.2056234558082395
0.16075195296101438
0.16075195296101438
0.2056234558082395
0.5113406652809888
0.16075195296101438
0.16075195296101438
0.16075195296101438
0.3641873340456015
0.16075195296101438
0.37672654160220115
0.16075195296101438
0.16075195296101438
0.16075195296101438
0.16075195296101438
0.16075195296101438
0.16075195296101438
0.23747327202724228
0.2056234558082395
0.2056234558082395
0.26302016740522605
0.16075195296101438
0.16075195296101438
0.16075195296101438
0.16075195296101438
0.2056234558082395
0.16075195296101438
0.16075195296101438
0.4303500342459329
0.2056234558082395
0.7269040827128727
0.16075195296101438
0.2056234558082395
0.23747327202724228
0.16075195296101438
0.16075195296101438
0.16075195296101438
0.23747327202724228
0.16075195296101438
0.16075195296101438
0.16075195296101438
0.2056234558082395
0.16075195296101438
0.16075195296101438
0.3641873340456015
0.28471375000181215
0.4658447801639309
0.16075195296101438
0.23747327202724228
0.16075195296101438
0.28471375000181215
0.16075195296101438
0.16075195296101438
0.23747327202724228
0.2056234558082395
0.16075195296101438
0.16075195296101438
0.16075195296101438
0.16075195296101438
0.2056234558082395
0.37672654160220115
0.16075195296101438
0.28471375000181215
0.2056234558082395
0.23747327202724228
0.16075195296101438
0.16075195296101438
0.16075195296101438
0.16075195296101438
0.28471375000181215
0.16075195296101438
0.16075195296101438
0.23747327202724228
0.16075195296101438
0.16075195296101438
0.16075195296101438
0.23747327202724228
0.16075195296101438
0.16075195296101438
0.16075195296101438
0.49700862359167847
0.16075195296101438
0.16075195296101438
0.16075195296101438
0.16075195296101438
0.16075195296101438
0.16075195296101438
0.16075195296101438
0.23747327202724228
0.16075195296101438
0.23747327202724228
0.16075195296101438
0.2056234558082395
0.16075195296101438
0.16075195296101438
0.16075195296101438
0.16075195296101438
0.16075195296101438
0.3885505501635798
0.16075195296101438
0.579605151567449
0.2056234558082395
0.3208547908939567
0.16075195296101438
0.3208547908939567
0.16075195296101438
0.16075195296101438
0.2056234558082395
0.43971679479901093
0.16075195296101438
0.2056234558082395
0.16075195296101438
0.2056234558082395
0.2056234558082395
0.16075195296101438
0.16075195296101438
0.16075195296101438
0.2056234558082395
0.16075195296101438
0.16075195296101438
0.16075195296101438
0.2056234558082395
0.16075195296101438
0.2056234558082395
0.16075195296101438
0.16075195296101438
0.28471375000181215
0.16075195296101438
0.2056234558082395
0.16075195296101438
0.5182409096680112
0.16075195296101438
0.5113406652809888
0.16075195296101438
0.16075195296101438
0.16075195296101438
0.16075195296101438
0.16075195296101438
0.16075195296101438
0.16075195296101438
0.26302016740522605
0.2056234558082395
0.16075195296101438
0.16075195296101438
0.16075195296101438
0.16075195296101438
0.16075195296101438
0.16075195296101438
0.3037603833539365
0.2056234558082395
0.16075195296101438
0.16075195296101438
0.47398762898814173
0.16075195296101438
0.23747327202724228
0.16075195296101438
0.3364383123994799
0.2056234558082395
0.5182409096680112
0.2056234558082395
0.3508110096864651
0.16075195296101438
0.16075195296101438
0.16075195296101438
0.2056234558082395
0.16075195296101438
0.16075195296101438
0.16075195296101438
0.26302016740522605
0.2056234558082395
0.3037603833539365
0.16075195296101438
0.16075195296101438
0.16075195296101438
0.16075195296101438
0.16075195296101438
0.23747327202724228
0.16075195296101438
0.16075195296101438
0.16075195296101438
0.3508110096864651
0.23747327202724228
0.16075195296101438
0.16075195296101438
0.3508110096864651
0.16075195296101438
0.16075195296101438
0.16075195296101438
0.16075195296101438
0.2056234558082395
0.16075195296101438
0.16075195296101438
0.16075195296101438
0.16075195296101438
0.16075195296101438
0.16075195296101438
0.37672654160220115
0.2056234558082395
0.2056234558082395
0.16075195296101438
0.16075195296101438
0.16075195296101438
0.16075195296101438
0.16075195296101438
0.16075195296101438
0.16075195296101438
0.16075195296101438
0.16075195296101438
0.3364383123994799
0.16075195296101438
0.26302016740522605
0.16075195296101438
0.16075195296101438
0.23747327202724228
0.16075195296101438
0.16075195296101438
0.23747327202724228
0.16075195296101438
0.2056234558082395
0.26302016740522605
0.16075195296101438
0.16075195296101438
0.3364383123994799
0.16075195296101438
0.16075195296101438
0.2056234558082395
0.2056234558082395
0.23747327202724228
0.16075195296101438
0.16075195296101438
0.3208547908939567
0.2056234558082395
0.16075195296101438
0.16075195296101438
0.16075195296101438
0.16075195296101438
0.23747327202724228
0.16075195296101438
0.23747327202724228
0.16075195296101438
0.16075195296101438
0.16075195296101438
0.23747327202724228
0.2056234558082395
0.2056234558082395
0.2056234558082395
0.16075195296101438
0.16075195296101438
0.16075195296101438
0.23747327202724228
0.16075195296101438
0.16075195296101438
0.26302016740522605
0.2056234558082395
0.2056234558082395
0.16075195296101438
0.3641873340456015
0.2056234558082395
0.16075195296101438
0.16075195296101438
0.16075195296101438
0.16075195296101438
0.49700862359167847
0.16075195296101438
0.28471375000181215
0.2056234558082395
0.16075195296101438
0.2056234558082395
0.16075195296101438
0.16075195296101438
0.16075195296101438
0.16075195296101438
0.23747327202724228
0.16075195296101438
0.16075195296101438
0.16075195296101438
0.16075195296101438
0.16075195296101438
0.4487346549674761
0.16075195296101438
0.16075195296101438
0.16075195296101438
0.16075195296101438
0.16075195296101438
0.16075195296101438
0.16075195296101438
0.16075195296101438
0.16075195296101438
0.16075195296101438
0.16075195296101438
0.26302016740522605
0.2056234558082395
0.16075195296101438
0.16075195296101438
0.28471375000181215
0.16075195296101438
0.16075195296101438
0.16075195296101438
0.16075195296101438
0.16075195296101438
0.26302016740522605
0.16075195296101438
0.3885505501635798
0.16075195296101438
0.2056234558082395
0.16075195296101438
0.26302016740522605
0.2056234558082395
0.2056234558082395
0.2056234558082395
0.16075195296101438
0.16075195296101438
0.3037603833539365
0.16075195296101438
0.2056234558082395
0.16075195296101438
0.16075195296101438
0.16075195296101438
0.16075195296101438
0.2056234558082395
0.16075195296101438
0.2056234558082395
0.16075195296101438
0.16075195296101438
0.2056234558082395
0.16075195296101438
0.5249782615963856
0.2056234558082395
0.16075195296101438
0.16075195296101438
0.3208547908939567
0.16075195296101438
0.37672654160220115
0.2056234558082395
0.16075195296101438
0.2056234558082395
0.5113406652809888
0.16075195296101438
0.16075195296101438
0.23747327202724228
0.26302016740522605
0.16075195296101438
0.26302016740522605
0.16075195296101438
0.16075195296101438
0.16075195296101438
0.3508110096864651
0.16075195296101438
0.16075195296101438
0.16075195296101438
0.16075195296101438
0.16075195296101438
0.5249782615963856
0.16075195296101438
0.16075195296101438
0.16075195296101438
0.16075195296101438
0.16075195296101438
0.16075195296101438
0.2056234558082395
0.2056234558082395
0.16075195296101438
0.16075195296101438
0.16075195296101438
0.16075195296101438
0.16075195296101438
0.16075195296101438
0.16075195296101438
0.16075195296101438
0.16075195296101438
0.16075195296101438
0.16075195296101438
0.16075195296101438
0.16075195296101438
0.3508110096864651
0.16075195296101438
0.16075195296101438
0.16075195296101438
0.16075195296101438
0.16075195296101438
0.16075195296101438
0.16075195296101438
0.2056234558082395
0.16075195296101438
0.16075195296101438
0.16075195296101438
0.42059772561813813
0.16075195296101438
0.28471375000181215
0.16075195296101438
0.16075195296101438
0.16075195296101438
0.16075195296101438
0.16075195296101438
0.16075195296101438
0.16075195296101438
0.26302016740522605
0.16075195296101438
0.3997550291585438
0.2056234558082395
0.23747327202724228
0.16075195296101438
0.16075195296101438
0.16075195296101438
0.16075195296101438
0.16075195296101438
0.16075195296101438
0.2056234558082395
0.3208547908939567
0.16075195296101438
0.2056234558082395
0.16075195296101438
0.16075195296101438
0.2056234558082395
0.16075195296101438
0.16075195296101438
0.16075195296101438
0.16075195296101438
0.16075195296101438
0.16075195296101438
0.16075195296101438
0.16075195296101438
0.16075195296101438
0.16075195296101438
0.2056234558082395
0.16075195296101438
0.2056234558082395
0.16075195296101438
0.16075195296101438
0.16075195296101438
0.16075195296101438
0.16075195296101438
0.2056234558082395
0.16075195296101438
0.16075195296101438
0.16075195296101438
0.3885505501635798
0.16075195296101438
0.16075195296101438
0.16075195296101438
0.16075195296101438
0.16075195296101438
0.16075195296101438
0.16075195296101438
0.16075195296101438
0.16075195296101438
0.2056234558082395
0.2056234558082395
0.861678412203891
0.16075195296101438
0.3208547908939567
0.2056234558082395
0.16075195296101438
0.16075195296101438
0.16075195296101438
0.16075195296101438
0.16075195296101438
0.16075195296101438
0.16075195296101438
0.16075195296101438
0.16075195296101438
0.16075195296101438
0.16075195296101438
0.16075195296101438
0.16075195296101438
0.16075195296101438
0.16075195296101438
0.16075195296101438
0.28471375000181215
0.16075195296101438
0.16075195296101438
0.16075195296101438
0.16075195296101438
0.16075195296101438
0.3037603833539365
0.16075195296101438
0.16075195296101438
0.16075195296101438
0.16075195296101438
0.16075195296101438
0.6062941848459666
0.16075195296101438
0.3037603833539365
0.16075195296101438
0.23747327202724228
0.16075195296101438
0.2056234558082395
0.16075195296101438
0.16075195296101438
0.16075195296101438
0.16075195296101438
0.16075195296101438
0.41041660583897094
0.16075195296101438
0.16075195296101438
0.16075195296101438
0.16075195296101438
0.16075195296101438
0.5042670894315886
0.16075195296101438
0.28471375000181215
0.16075195296101438
0.16075195296101438
0.16075195296101438
0.16075195296101438
0.16075195296101438
0.6113823954209738
0.16075195296101438
0.16075195296101438
0.16075195296101438
0.16075195296101438
0.16075195296101438
0.16075195296101438
0.16075195296101438
0.16075195296101438
0.23747327202724228
0.16075195296101438
0.16075195296101438
0.23747327202724228
0.16075195296101438
0.23747327202724228
0.16075195296101438
0.26302016740522605
0.16075195296101438
0.16075195296101438
0.16075195296101438
0.16075195296101438
0.16075195296101438
0.16075195296101438
0.16075195296101438
0.16075195296101438
0.16075195296101438
0.16075195296101438
0.16075195296101438
0.16075195296101438
0.16075195296101438
0.2056234558082395
0.16075195296101438
0.3885505501635798
0.16075195296101438
0.16075195296101438
0.16075195296101438
0.16075195296101438
0.2056234558082395
0.16075195296101438
0.16075195296101438
0.16075195296101438
0.16075195296101438
0.16075195296101438
0.16075195296101438
0.2056234558082395
0.16075195296101438
0.16075195296101438
0.16075195296101438
0.16075195296101438
0.16075195296101438
0.16075195296101438
0.16075195296101438
0.16075195296101438
0.16075195296101438
0.23747327202724228
0.16075195296101438
0.16075195296101438
0.16075195296101438
0.16075195296101438
0.16075195296101438
0.26302016740522605
0.16075195296101438
0.2056234558082395
0.16075195296101438
0.23747327202724228
0.16075195296101438
0.16075195296101438
0.16075195296101438
0.26302016740522605
0.16075195296101438
0.2056234558082395
0.16075195296101438
0.16075195296101438
0.16075195296101438
0.16075195296101438
0.16075195296101438
0.23747327202724228
0.16075195296101438
0.3037603833539365
0.16075195296101438
0.23747327202724228
0.16075195296101438
0.16075195296101438
0.16075195296101438
0.16075195296101438
0.16075195296101438
0.3037603833539365
0.16075195296101438
0.16075195296101438
0.16075195296101438
0.16075195296101438
0.16075195296101438
0.26302016740522605
0.16075195296101438
0.5682778282862936
0.16075195296101438
0.48955241722342235
0.2056234558082395
0.16075195296101438
0.16075195296101438
0.16075195296101438
0.16075195296101438
0.5113406652809888
0.16075195296101438
0.23747327202724228
0.16075195296101438
0.16075195296101438
0.16075195296101438
0.23747327202724228
0.16075195296101438
0.2056234558082395
0.16075195296101438
0.6629001068060785
0.16075195296101438
0.16075195296101438
0.16075195296101438
0.16075195296101438
0.16075195296101438
0.16075195296101438
0.16075195296101438
0.16075195296101438
0.16075195296101438
0.16075195296101438
0.16075195296101438
0.16075195296101438
0.16075195296101438
0.23747327202724228
0.16075195296101438
0.5113406652809888
0.16075195296101438
0.16075195296101438
0.16075195296101438
0.6310051142101374
0.16075195296101438
0.16075195296101438
0.16075195296101438
0.16075195296101438
0.16075195296101438
0.16075195296101438
0.16075195296101438
0.5249782615963856
0.16075195296101438
0.16075195296101438
0.16075195296101438
0.16075195296101438
0.16075195296101438
