3.175754275267421
2.377691687674846
2.4296181109501105
1.3235056710646882
2.131321956444309
0.23719889331498176
2.201573964714236
0.8696878539988456
1.5908151699779816
0.9702106592383559
1.8982139554750705
0.8209216353214078
1.6211050300074044
1.7149276481484614
1.3905726575778343
2.215766675633391
1.4855075988984443
0.6594191070232617
0.46083916536016406
1.991689418125748
1.379827327043097
0.5377071975780173
1.0538613502465897
1.791629619676549
0.913680316214128
0.5377071975780173
1.0628925161171103
3.0455394937634654
1.5199410537197249
0.7211922234002047
0.6110624449508762
1.9876829706344683
1.1979548298215779
0.8826917736867387
0.9015310606268648
1.6933170348437594
0.942763240604773
0.41084221256624814
0.9859847601517827
0.9539254339493282
1.2120164980096038
0.8953361179802728
1.2748686695011324
0.6594191070232617
1.1142098171340435
0.4372200452560002
0.6479753245291852
0.345109433745769
0.8762363701433276
1.1263490571218004
0.8562974416267857
0.6594191070232617
0.7658131296972215
0.5977495145785381
1.0761678698108113
0.46083916536016406
0.482327872769022
0.5977495145785381
0.5838383452680059
1.2291624246138078
1.0538613502465897
0.7017566428106304
0.6238379756258212
0.7017566428106304
0.38071424413685234
1.0492892119399135
0.8134834901539262
0.5377071975780173
0.5377071975780173
0.5539152201631243
1.0583955236518914
1.255672809291779
0.842490235989895
1.025829655666823
0.23719889331498176
0.9015310606268648
0.46083916536016406
0.6812226565580518
0.7017566428106304
0.5838383452680059
1.437052292451626
0.482327872769022
0.3005078990284801
0.46083916536016406
0.8630427673244547
0.38071424413685234
0.9370852081575891
0.8354197933278499
0.6916367188758529
0.8059117194944555
0.5377071975780173
1.2780142170039872
1.281144893452801
0.6361275979489042
1.1421520613004688
0.7305419785234887
0.7982001083046135
0.23719889331498176
0.41084221256624814
0.7572904251823704
0.6238379756258212
0.23719889331498176
0.5377071975780173
1.8730310228555158
0.6238379756258212
0.38071424413685234
0.23719889331498176
0.913680316214128
0.46083916536016406
1.4218837882649074
0.7211922234002047
0.6110624449508762
0.6812226565580518
0.7211922234002047
0.345109433745769
1.1303398692260165
0.7211922234002047
0.23719889331498176
0.6110624449508762
0.23719889331498176
1.2717080717708436
0.8953361179802728
0.6479753245291852
0.46083916536016406
1.2154831238294468
0.7017566428106304
0.23719889331498176
0.3005078990284801
0.345109433745769
1.9850033228546375
0.41084221256624814
0.7572904251823704
0.7823300685924964
0.23719889331498176
0.5377071975780173
0.5692562418856326
0.8494479797886229
1.001286304649245
0.7741566115300077
2.3095382143738883
0.8826917736867387
2.2026719882326304
0.5539152201631243
0.9539254339493282
0.6594191070232617
1.454367155932589
0.9648410907623816
0.8953361179802728
0.345109433745769
0.9370852081575891
0.7485784755105539
0.3005078990284801
0.7572904251823704
2.29846951227476
0.5377071975780173
0.345109433745769
0.5377071975780173
0.5377071975780173
0.46083916536016406
0.4372200452560002
0.7305419785234887
0.41084221256624814
0.6110624449508762
0.3005078990284801
0.7211922234002047
0.23719889331498176
0.3005078990284801
0.4372200452560002
0.38071424413685234
0.38071424413685234
0.4372200452560002
0.7658131296972215
0.4372200452560002
0.5539152201631243
0.345109433745769
0.9859847601517827
0.5539152201631243
0.41084221256624814
0.345109433745769
0.6594191070232617
0.23719889331498176
0.5021124660230564
0.23719889331498176
0.41084221256624814
0.5021124660230564
0.345109433745769
0.6110624449508762
0.46083916536016406
0.9313399893160306
0.482327872769022
0.4372200452560002
0.5977495145785381
0.41084221256624814
0.23719889331498176
0.41084221256624814
0.345109433745769
0.23719889331498176
0.8059117194944555
0.3005078990284801
1.2748686695011324
0.23719889331498176
0.6238379756258212
0.5539152201631243
0.6238379756258212
0.4372200452560002
0.23719889331498176
0.23719889331498176
0.7741566115300077
0.5539152201631243
0.9859847601517827
0.46083916536016406
0.23719889331498176
0.4372200452560002
0.3005078990284801
0.4372200452560002
0.3005078990284801
0.5692562418856326
0.23719889331498176
0.5021124660230564
0.7485784755105539
0.5692562418856326
0.8826917736867387
0.482327872769022
0.7823300685924964
0.4372200452560002
0.41084221256624814
0.7116024921844321
0.23719889331498176
0.6238379756258212
0.5539152201631243
1.0717779670631722
0.345109433745769
0.345109433745769
0.345109433745769
0.5021124660230564
0.23719889331498176
0.38071424413685234
0.3005078990284801
0.6479753245291852
0.3005078990284801
0.3005078990284801
0.7741566115300077
0.5021124660230564
0.9702106592383559
0.5692562418856326
0.8494479797886229
0.4372200452560002
0.41084221256624814
0.6110624449508762
0.7485784755105539
0.6361275979489042
0.23719889331498176
0.3005078990284801
0.3005078990284801
0.38071424413685234
1.0848454709483886
0.907644919875079
0.5977495145785381
0.3005078990284801
1.242554065422269
0.9015310606268648
1.1725507369651953
0.6594191070232617
0.482327872769022
0.5377071975780173
0.5204970748600768
0.5692562418856326
0.5377071975780173
0.5838383452680059
0.6594191070232617
0.5021124660230564
0.5977495145785381
0.5021124660230564
0.5692562418856326
0.6479753245291852
0.5204970748600768
0.3005078990284801
0.5838383452680059
0.3005078990284801
0.3005078990284801
0.23719889331498176
0.7116024921844321
0.5377071975780173
0.5021124660230564
0.345109433745769
0.3005078990284801
0.482327872769022
1.2120164980096038
0.7982001083046135
1.1382409217892933
0.46083916536016406
0.907644919875079
0.482327872769022
0.38071424413685234
0.23719889331498176
0.23719889331498176
0.41084221256624814
0.345109433745769
0.23719889331498176
0.7485784755105539
0.23719889331498176
0.6812226565580518
0.6704919284514803
0.6812226565580518
0.38071424413685234
0.345109433745769
0.38071424413685234
1.2257701720923155
0.23719889331498176
0.3005078990284801
0.5021124660230564
0.8209216353214078
0.23719889331498176
0.38071424413685234
0.41084221256624814
0.482327872769022
0.7572904251823704
0.38071424413685234
0.5539152201631243
0.3005078990284801
0.345109433745769
0.23719889331498176
0.7017566428106304
0.5204970748600768
0.5021124660230564
0.3005078990284801
0.38071424413685234
0.23719889331498176
0.6361275979489042
0.41084221256624814
0.345109433745769
0.5692562418856326
0.6361275979489042
0.3005078990284801
0.345109433745769
0.6812226565580518
0.23719889331498176
0.23719889331498176
0.5838383452680059
0.23719889331498176
0.345109433745769
0.23719889331498176
0.46083916536016406
1.1303398692260165
0.7741566115300077
0.6479753245291852
0.6361275979489042
0.3005078990284801
0.5377071975780173
0.8890573282745684
0.41084221256624814
0.345109433745769
0.482327872769022
0.23719889331498176
0.3005078990284801
0.345109433745769
0.38071424413685234
0.345109433745769
0.3005078990284801
0.4372200452560002
0.23719889331498176
0.345109433745769
0.23719889331498176
0.38071424413685234
0.23719889331498176
0.6594191070232617
0.3005078990284801
0.3005078990284801
0.23719889331498176
0.8354197933278499
0.23719889331498176
0.482327872769022
0.345109433745769
0.38071424413685234
0.5838383452680059
0.5377071975780173
0.46083916536016406
0.23719889331498176
0.5838383452680059
0.5539152201631243
0.46083916536016406
0.8282319388080668
0.345109433745769
0.6110624449508762
0.4372200452560002
0.3005078990284801
0.38071424413685234
0.8762363701433276
0.3005078990284801
0.23719889331498176
0.23719889331498176
0.5692562418856326
0.5377071975780173
0.4372200452560002
0.41084221256624814
0.23719889331498176
0.4372200452560002
0.6916367188758529
0.5021124660230564
0.842490235989895
0.6594191070232617
0.8282319388080668
0.345109433745769
0.4372200452560002
0.23719889331498176
0.38071424413685234
0.23719889331498176
0.38071424413685234
0.345109433745769
1.245858785712579
0.345109433745769
0.5377071975780173
0.23719889331498176
0.5838383452680059
0.482327872769022
0.23719889331498176
0.46083916536016406
0.5204970748600768
0.46083916536016406
0.3005078990284801
0.4372200452560002
0.5021124660230564
0.345109433745769
1.1018098194443537
0.46083916536016406
0.46083916536016406
0.23719889331498176
0.23719889331498176
0.5204970748600768
0.23719889331498176
0.38071424413685234
0.38071424413685234
0.4372200452560002
0.4372200452560002
0.4372200452560002
1.0062878164109514
0.482327872769022
0.23719889331498176
0.23719889331498176
0.3005078990284801
0.5838383452680059
0.38071424413685234
0.482327872769022
0.5977495145785381
0.345109433745769
0.345109433745769
0.23719889331498176
0.23719889331498176
0.23719889331498176
0.23719889331498176
0.345109433745769
0.23719889331498176
0.23719889331498176
0.345109433745769
0.8282319388080668
0.482327872769022
0.345109433745769
0.23719889331498176
0.5377071975780173
0.3005078990284801
0.5204970748600768
0.4372200452560002
0.41084221256624814
0.7572904251823704
0.3005078990284801
0.23719889331498176
0.4372200452560002
0.23719889331498176
0.38071424413685234
0.23719889331498176
0.23719889331498176
0.3005078990284801
0.23719889331498176
1.025829655666823
0.46083916536016406
0.6704919284514803
0.41084221256624814
0.23719889331498176
0.5539152201631243
0.23719889331498176
0.345109433745769
0.3005078990284801
0.5838383452680059
0.345109433745769
0.5539152201631243
0.23719889331498176
0.41084221256624814
0.3005078990284801
0.23719889331498176
0.5204970748600768
0.345109433745769
0.6238379756258212
0.482327872769022
0.38071424413685234
0.23719889331498176
0.5838383452680059
0.5021124660230564
0.6916367188758529
0.4372200452560002
0.41084221256624814
0.41084221256624814
0.41084221256624814
0.23719889331498176
0.3005078990284801
0.482327872769022
0.23719889331498176
0.23719889331498176
0.3005078990284801
0.3005078990284801
0.41084221256624814
0.3005078990284801
0.23719889331498176
0.5204970748600768
0.23719889331498176
0.345109433745769
0.3005078990284801
0.4372200452560002
0.23719889331498176
0.345109433745769
0.41084221256624814
0.3005078990284801
0.7658131296972215
0.3005078990284801
0.23719889331498176
0.23719889331498176
0.6479753245291852
0.345109433745769
0.345109433745769
0.23719889331498176
0.46083916536016406
0.23719889331498176
0.23719889331498176
0.41084221256624814
0.6916367188758529
0.5021124660230564
0.9807810382191019
0.41084221256624814
1.0112418072389653
0.345109433745769
0.6594191070232617
0.23719889331498176
0.23719889331498176
0.41084221256624814
0.5377071975780173
0.5838383452680059
0.23719889331498176
0.3005078990284801
0.46083916536016406
0.5539152201631243
0.41084221256624814
0.5838383452680059
0.3005078990284801
0.23719889331498176
0.5692562418856326
0.345109433745769
0.482327872769022
0.345109433745769
0.23719889331498176
0.23719889331498176
0.23719889331498176
0.3005078990284801
0.959413222572421
0.23719889331498176
0.23719889331498176
0.345109433745769
0.9196397369737549
0.5539152201631243
0.23719889331498176
0.6110624449508762
0.5377071975780173
0.6594191070232617
0.345109433745769
0.23719889331498176
1.0538613502465897
0.23719889331498176
0.7572904251823704
0.3005078990284801
0.345109433745769
0.345109433745769
0.7741566115300077
0.345109433745769
0.23719889331498176
0.3005078990284801
0.4372200452560002
0.23719889331498176
0.23719889331498176
0.38071424413685234
0.23719889331498176
0.23719889331498176
0.46083916536016406
0.4372200452560002
0.6704919284514803
0.41084221256624814
0.23719889331498176
0.23719889331498176
0.6704919284514803
0.345109433745769
1.1421520613004688
0.5377071975780173
0.8494479797886229
0.345109433745769
0.9648410907623816
0.23719889331498176
0.3005078990284801
0.23719889331498176
0.5977495145785381
0.46083916536016406
0.23719889331498176
0.38071424413685234
0.3005078990284801
0.41084221256624814
0.6110624449508762
0.38071424413685234
0.23719889331498176
0.6238379756258212
0.9755234795793376
0.3005078990284801
0.23719889331498176
0.23719889331498176
0.9313399893160306
0.23719889331498176
0.23719889331498176
0.3005078990284801
0.4372200452560002
0.7658131296972215
0.38071424413685234
0.345109433745769
0.23719889331498176
0.3005078990284801
0.23719889331498176
0.3005078990284801
0.41084221256624814
0.4372200452560002
0.3005078990284801
0.5539152201631243
0.23719889331498176
0.46083916536016406
0.3005078990284801
0.23719889331498176
1.040027769311177
0.3005078990284801
0.23719889331498176
0.3005078990284801
0.38071424413685234
0.38071424413685234
0.5692562418856326
0.5692562418856326
0.3005078990284801
0.345109433745769
0.3005078990284801
0.41084221256624814
0.5377071975780173
0.38071424413685234
0.842490235989895
0.482327872769022
0.23719889331498176
0.23719889331498176
0.5204970748600768
0.3005078990284801
0.23719889331498176
0.345109433745769
0.41084221256624814
0.4372200452560002
0.3005078990284801
0.23719889331498176
0.345109433745769
0.23719889331498176
0.7982001083046135
0.6110624449508762
0.345109433745769
0.41084221256624814
0.7658131296972215
0.345109433745769
0.46083916536016406
0.345109433745769
0.4372200452560002
0.345109433745769
0.482327872769022
0.5539152201631243
0.4372200452560002
0.23719889331498176
0.3005078990284801
0.3005078990284801
0.23719889331498176
0.23719889331498176
0.3005078990284801
0.41084221256624814
0.345109433745769
0.345109433745769
0.345109433745769
0.23719889331498176
0.6361275979489042
0.23719889331498176
0.7823300685924964
0.345109433745769
1.2780142170039872
0.23719889331498176
0.3005078990284801
0.3005078990284801
0.46083916536016406
0.41084221256624814
0.23719889331498176
0.46083916536016406
0.23719889331498176
0.3005078990284801
0.7211922234002047
0.3005078990284801
0.41084221256624814
0.345109433745769
0.8630427673244547
0.23719889331498176
1.2085306300534824
0.23719889331498176
0.5377071975780173
0.5021124660230564
0.23719889331498176
0.38071424413685234
0.3005078990284801
0.345109433745769
0.8826917736867387
0.345109433745769
0.6479753245291852
0.23719889331498176
0.4372200452560002
0.5021124660230564
0.3005078990284801
0.345109433745769
1.1835671858542414
0.3005078990284801
0.3005078990284801
0.46083916536016406
1.6786088856448145
0.6594191070232617
0.23719889331498176
0.482327872769022
0.482327872769022
0.345109433745769
0.482327872769022
0.345109433745769
0.23719889331498176
0.482327872769022
0.23719889331498176
0.3005078990284801
0.3005078990284801
0.38071424413685234
0.482327872769022
0.23719889331498176
0.23719889331498176
0.5539152201631243
0.3005078990284801
0.23719889331498176
0.41084221256624814
0.23719889331498176
0.23719889331498176
0.38071424413685234
0.38071424413685234
0.23719889331498176
0.23719889331498176
0.41084221256624814
0.345109433745769
0.3005078990284801
0.3005078990284801
0.23719889331498176
0.3005078990284801
0.23719889331498176
1.377115619654624
0.23719889331498176
0.6916367188758529
0.5021124660230564
0.3005078990284801
0.4372200452560002
0.482327872769022
0.345109433745769
0.3005078990284801
0.41084221256624814
0.842490235989895
0.482327872769022
0.3005078990284801
0.23719889331498176
0.6479753245291852
0.23719889331498176
0.23719889331498176
0.345109433745769
0.4372200452560002
0.41084221256624814
0.6812226565580518
0.3005078990284801
0.7485784755105539
0.345109433745769
0.23719889331498176
0.23719889331498176
2.3557168669176174
0.6916367188758529
0.6916367188758529
0.23719889331498176
0.5021124660230564
0.3005078990284801
0.4372200452560002
0.345109433745769
0.23719889331498176
0.3005078990284801
0.23719889331498176
0.38071424413685234
0.3005078990284801
0.41084221256624814
0.6238379756258212
0.345109433745769
0.8762363701433276
0.38071424413685234
0.23719889331498176
0.23719889331498176
0.4372200452560002
0.23719889331498176
1.0210116676476586
0.23719889331498176
0.23719889331498176
0.23719889331498176
0.345109433745769
0.23719889331498176
0.23719889331498176
0.3005078990284801
0.8953361179802728
0.4372200452560002
0.23719889331498176
0.3005078990284801
0.482327872769022
0.23719889331498176
0.23719889331498176
0.345109433745769
0.23719889331498176
0.3005078990284801
0.23719889331498176
0.3005078990284801
0.23719889331498176
0.23719889331498176
0.6238379756258212
0.345109433745769
0.5204970748600768
0.23719889331498176
0.38071424413685234
0.3005078990284801
0.9313399893160306
0.23719889331498176
0.23719889331498176
0.3005078990284801
0.23719889331498176
0.345109433745769
0.6110624449508762
0.5692562418856326
0.41084221256624814
0.38071424413685234
0.38071424413685234
0.3005078990284801
0.3005078990284801
0.3005078990284801
0.46083916536016406
0.38071424413685234
0.3005078990284801
0.3005078990284801
0.23719889331498176
0.23719889331498176
0.5377071975780173
0.345109433745769
0.23719889331498176
0.482327872769022
1.1101061516946025
0.23719889331498176
0.23719889331498176
0.345109433745769
0.3005078990284801
0.3005078990284801
0.23719889331498176
0.38071424413685234
0.5838383452680059
0.5204970748600768
0.23719889331498176
0.23719889331498176
0.4372200452560002
0.23719889331498176
0.23719889331498176
0.23719889331498176
0.5021124660230564
0.345109433745769
0.5204970748600768
0.345109433745769
0.38071424413685234
0.41084221256624814
0.345109433745769
0.482327872769022
0.23719889331498176
0.345109433745769
0.790341964793876
0.5539152201631243
0.9702106592383559
0.345109433745769
0.3005078990284801
0.23719889331498176
0.4372200452560002
0.4372200452560002
0.5692562418856326
0.3005078990284801
0.7572904251823704
0.482327872769022
0.4372200452560002
0.23719889331498176
0.23719889331498176
0.5204970748600768
1.242554065422269
0.5204970748600768
0.23719889331498176
0.4372200452560002
0.5539152201631243
0.345109433745769
0.23719889331498176
0.3005078990284801
0.23719889331498176
0.41084221256624814
0.23719889331498176
0.23719889331498176
1.1979548298215779
0.38071424413685234
0.38071424413685234
0.345109433745769
0.23719889331498176
0.38071424413685234
0.38071424413685234
0.3005078990284801
0.6704919284514803
0.3005078990284801
0.5692562418856326
0.3005078990284801
0.8209216353214078
0.41084221256624814
0.482327872769022
0.46083916536016406
0.4372200452560002
0.23719889331498176
0.3005078990284801
0.23719889331498176
0.23719889331498176
0.23719889331498176
0.3005078990284801
0.5204970748600768
0.3005078990284801
0.23719889331498176
0.3005078990284801
0.23719889331498176
0.41084221256624814
0.46083916536016406
0.6110624449508762
0.23719889331498176
0.23719889331498176
0.23719889331498176
0.23719889331498176
0.345109433745769
0.23719889331498176
0.4372200452560002
0.5204970748600768
0.23719889331498176
0.7572904251823704
0.23719889331498176
0.345109433745769
0.5021124660230564
0.5204970748600768
0.482327872769022
0.345109433745769
0.345109433745769
0.3005078990284801
0.41084221256624814
0.7741566115300077
0.46083916536016406
0.3005078990284801
0.3005078990284801
0.5204970748600768
0.345109433745769
0.23719889331498176
0.23719889331498176
0.23719889331498176
0.482327872769022
0.345109433745769
0.23719889331498176
0.3005078990284801
0.23719889331498176
0.5539152201631243
0.3005078990284801
0.23719889331498176
0.23719889331498176
0.6916367188758529
0.23719889331498176
0.4372200452560002
0.3005078990284801
0.46083916536016406
0.345109433745769
0.3005078990284801
0.23719889331498176
0.3005078990284801
0.23719889331498176
0.842490235989895
0.345109433745769
0.345109433745769
0.38071424413685234
0.23719889331498176
0.5021124660230564
0.3005078990284801
0.23719889331498176
0.23719889331498176
0.482327872769022
0.5692562418856326
0.345109433745769
0.23719889331498176
0.23719889331498176
0.23719889331498176
0.38071424413685234
0.46083916536016406
0.3005078990284801
0.4372200452560002
0.23719889331498176
0.23719889331498176
0.345109433745769
0.23719889331498176
0.23719889331498176
0.3005078990284801
0.23719889331498176
0.345109433745769
0.345109433745769
0.8134834901539262
0.345109433745769
0.23719889331498176
0.23719889331498176
0.4372200452560002
0.41084221256624814
0.6361275979489042
0.23719889331498176
0.345109433745769
0.38071424413685234
0.23719889331498176
0.4372200452560002
0.345109433745769
0.23719889331498176
0.23719889331498176
0.23719889331498176
0.23719889331498176
0.38071424413685234
0.38071424413685234
0.38071424413685234
0.3005078990284801
0.345109433745769
0.23719889331498176
0.345109433745769
0.23719889331498176
0.38071424413685234
0.23719889331498176
0.345109433745769
1.1908029441675796
0.3005078990284801
0.23719889331498176
0.41084221256624814
0.41084221256624814
0.23719889331498176
0.5838383452680059
0.46083916536016406
0.23719889331498176
0.5377071975780173
0.23719889331498176
0.3005078990284801
0.23719889331498176
0.345109433745769
0.23719889331498176
0.23719889331498176
0.23719889331498176
0.23719889331498176
0.5539152201631243
0.23719889331498176
0.23719889331498176
0.23719889331498176
0.482327872769022
0.3005078990284801
0.345109433745769
0.3005078990284801
0.345109433745769
0.7211922234002047
0.23719889331498176
0.23719889331498176
0.38071424413685234
0.345109433745769
0.23719889331498176
0.23719889331498176
0.23719889331498176
0.23719889331498176
0.23719889331498176
0.38071424413685234
0.23719889331498176
0.46083916536016406
0.3005078990284801
0.23719889331498176
0.5539152201631243
0.38071424413685234
0.345109433745769
0.5204970748600768
1.0306043637222624
0.345109433745769
0.345109433745769
0.23719889331498176
0.5539152201631243
0.23719889331498176
0.7017566428106304
0.23719889331498176
0.9196397369737549
0.7485784755105539
0.46083916536016406
0.345109433745769
0.23719889331498176
0.41084221256624814
1.1101061516946025
0.38071424413685234
0.5204970748600768
0.3005078990284801
0.3005078990284801
0.3005078990284801
1.080523482243302
0.23719889331498176
0.7305419785234887
0.3005078990284801
0.23719889331498176
0.23719889331498176
0.23719889331498176
0.3005078990284801
0.8826917736867387
0.3005078990284801
0.38071424413685234
0.38071424413685234
0.8562974416267857
0.38071424413685234
0.23719889331498176
0.23719889331498176
0.23719889331498176
0.345109433745769
0.41084221256624814
0.5021124660230564
0.23719889331498176
0.23719889331498176
0.41084221256624814
0.23719889331498176
0.23719889331498176
0.23719889331498176
0.23719889331498176
0.5204970748600768
0.23719889331498176
0.23719889331498176
0.5692562418856326
0.3005078990284801
0.3005078990284801
0.23719889331498176
0.345109433745769
0.3005078990284801
0.46083916536016406
0.23719889331498176
0.5977495145785381
0.23719889331498176
0.4372200452560002
0.23719889331498176
0.23719889331498176
0.3005078990284801
0.3005078990284801
0.3005078990284801
0.23719889331498176
0.23719889331498176
0.23719889331498176
0.23719889331498176
0.5021124660230564
0.345109433745769
0.23719889331498176
0.345109433745769
0.23719889331498176
0.41084221256624814
1.3905726575778343
0.6361275979489042
0.3005078990284801
0.3005078990284801
0.23719889331498176
0.38071424413685234
0.23719889331498176
0.345109433745769
0.3005078990284801
0.345109433745769
0.23719889331498176
0.345109433745769
0.3005078990284801
0.23719889331498176
0.23719889331498176
0.345109433745769
0.23719889331498176
0.3005078990284801
0.23719889331498176
0.23719889331498176
0.345109433745769
0.38071424413685234
0.345109433745769
0.23719889331498176
0.3005078990284801
0.23719889331498176
0.23719889331498176
0.23719889331498176
0.345109433745769
0.23719889331498176
0.46083916536016406
0.345109433745769
0.23719889331498176
0.41084221256624814
0.23719889331498176
0.23719889331498176
0.23719889331498176
0.23719889331498176
0.46083916536016406
0.23719889331498176
0.23719889331498176
0.3005078990284801
0.23719889331498176
0.3005078990284801
0.23719889331498176
0.3005078990284801
0.23719889331498176
0.23719889331498176
0.3005078990284801
0.23719889331498176
0.23719889331498176
0.5021124660230564
0.46083916536016406
0.23719889331498176
0.41084221256624814
0.3005078990284801
0.23719889331498176
0.23719889331498176
0.23719889331498176
0.345109433745769
0.23719889331498176
0.3005078990284801
0.23719889331498176
0.23719889331498176
0.3005078990284801
0.23719889331498176
0.23719889331498176
0.38071424413685234
0.4372200452560002
0.345109433745769
0.482327872769022
0.345109433745769
0.6361275979489042
0.41084221256624814
0.3005078990284801
0.23719889331498176
0.23719889331498176
0.3005078990284801
0.38071424413685234
0.41084221256624814
0.345109433745769
0.46083916536016406
0.5539152201631243
0.345109433745769
0.23719889331498176
0.345109433745769
0.5692562418856326
0.38071424413685234
0.3005078990284801
0.3005078990284801
0.23719889331498176
0.3005078990284801
0.23719889331498176
0.3005078990284801
0.5539152201631243
0.23719889331498176
0.4372200452560002
0.23719889331498176
0.482327872769022
0.23719889331498176
0.5977495145785381
0.3005078990284801
0.345109433745769
0.23719889331498176
0.23719889331498176
0.38071424413685234
0.7485784755105539
0.23719889331498176
1.4141810061949258
0.345109433745769
0.41084221256624814
0.23719889331498176
0.3005078990284801
0.23719889331498176
0.345109433745769
0.3005078990284801
0.5539152201631243
0.23719889331498176
0.23719889331498176
0.41084221256624814
0.23719889331498176
0.23719889331498176
0.38071424413685234
0.23719889331498176
0.3005078990284801
0.23719889331498176
0.38071424413685234
0.38071424413685234
0.23719889331498176
0.23719889331498176
0.38071424413685234
0.345109433745769
0.38071424413685234
0.41084221256624814
0.23719889331498176
0.23719889331498176
0.5204970748600768
0.5692562418856326
0.38071424413685234
0.46083916536016406
0.23719889331498176
0.345109433745769
0.23719889331498176
0.23719889331498176
0.23719889331498176
0.23719889331498176
0.23719889331498176
0.3005078990284801
0.3005078990284801
0.41084221256624814
0.345109433745769
0.23719889331498176
0.38071424413685234
0.5021124660230564
0.3005078990284801
0.345109433745769
0.5692562418856326
0.41084221256624814
0.23719889331498176
0.46083916536016406
0.23719889331498176
0.46083916536016406
0.23719889331498176
0.3005078990284801
0.345109433745769
0.3005078990284801
0.23719889331498176
0.3005078990284801
0.3005078990284801
0.345109433745769
0.23719889331498176
0.23719889331498176
0.46083916536016406
0.23719889331498176
0.38071424413685234
0.345109433745769
0.23719889331498176
0.23719889331498176
0.23719889331498176
0.23719889331498176
0.5377071975780173
0.23719889331498176
0.46083916536016406
0.3005078990284801
0.38071424413685234
0.23719889331498176
0.3005078990284801
0.23719889331498176
0.23719889331498176
0.4372200452560002
0.3005078990284801
0.23719889331498176
0.345109433745769
0.23719889331498176
0.3005078990284801
0.38071424413685234
0.3005078990284801
0.23719889331498176
0.41084221256624814
0.23719889331498176
0.38071424413685234
0.23719889331498176
0.23719889331498176
0.46083916536016406
1.0673530859738665
0.23719889331498176
0.4372200452560002
0.23719889331498176
0.4372200452560002
0.23719889331498176
0.38071424413685234
0.23719889331498176
0.3005078990284801
0.23719889331498176
0.3005078990284801
0.23719889331498176
0.23719889331498176
0.3005078990284801
0.3005078990284801
0.23719889331498176
0.23719889331498176
0.3005078990284801
0.23719889331498176
0.345109433745769
0.23719889331498176
0.38071424413685234
0.345109433745769
0.345109433745769
0.23719889331498176
0.23719889331498176
0.41084221256624814
0.23719889331498176
0.23719889331498176
0.3005078990284801
0.3005078990284801
0.23719889331498176
0.4372200452560002
0.23719889331498176
0.23719889331498176
0.23719889331498176
0.5204970748600768
0.3005078990284801
0.6361275979489042
0.23719889331498176
0.23719889331498176
0.23719889331498176
0.23719889331498176
0.38071424413685234
0.23719889331498176
0.38071424413685234
0.3005078990284801
0.345109433745769
0.8494479797886229
0.3005078990284801
0.23719889331498176
0.3005078990284801
0.6812226565580518
0.23719889331498176
0.3005078990284801
0.23719889331498176
0.23719889331498176
0.23719889331498176
1.5109063938924276
0.38071424413685234
0.5838383452680059
0.23719889331498176
0.6704919284514803
0.23719889331498176
0.4372200452560002
0.41084221256624814
0.23719889331498176
0.3005078990284801
0.8953361179802728
0.23719889331498176
0.345109433745769
0.23719889331498176
0.23719889331498176
0.46083916536016406
0.4372200452560002
0.23719889331498176
0.3005078990284801
0.23719889331498176
0.23719889331498176
0.345109433745769
0.41084221256624814
0.3005078990284801
0.23719889331498176
0.23719889331498176
0.23719889331498176
0.23719889331498176
0.3005078990284801
0.23719889331498176
0.3005078990284801
0.345109433745769
0.23719889331498176
0.3005078990284801
0.5539152201631243
0.23719889331498176
0.23719889331498176
0.3005078990284801
0.23719889331498176
0.3005078990284801
0.23719889331498176
0.3005078990284801
0.3005078990284801
0.23719889331498176
0.23719889331498176
0.23719889331498176
0.38071424413685234
0.38071424413685234
0.23719889331498176
0.23719889331498176
0.41084221256624814
0.3005078990284801
0.3005078990284801
0.23719889331498176
0.23719889331498176
0.23719889331498176
0.7116024921844321
0.23719889331498176
0.23719889331498176
0.23719889331498176
0.23719889331498176
0.23719889331498176
0.482327872769022
0.345109433745769
0.345109433745769
0.23719889331498176
0.23719889331498176
0.23719889331498176
0.23719889331498176
0.23719889331498176
0.38071424413685234
0.5838383452680059
0.5204970748600768
0.23719889331498176
0.38071424413685234
0.41084221256624814
0.38071424413685234
0.345109433745769
0.3005078990284801
0.23719889331498176
0.38071424413685234
0.23719889331498176
0.4372200452560002
0.23719889331498176
0.23719889331498176
0.41084221256624814
1.4712930680197438
0.6238379756258212
0.41084221256624814
0.23719889331498176
0.3005078990284801
0.23719889331498176
0.7116024921844321
0.23719889331498176
0.5377071975780173
0.345109433745769
0.4372200452560002
0.23719889331498176
0.6110624449508762
0.4372200452560002
0.345109433745769
0.3005078990284801
0.38071424413685234
0.3005078990284801
0.23719889331498176
0.345109433745769
0.46083916536016406
0.23719889331498176
0.23719889331498176
0.3005078990284801
0.23719889331498176
0.23719889331498176
0.4372200452560002
0.345109433745769
0.3005078990284801
0.345109433745769
0.23719889331498176
0.23719889331498176
0.3005078990284801
0.345109433745769
0.3005078990284801
0.38071424413685234
0.3005078990284801
0.23719889331498176
0.739666328357491
0.3005078990284801
0.23719889331498176
0.3005078990284801
0.3005078990284801
0.23719889331498176
0.38071424413685234
0.23719889331498176
0.23719889331498176
0.3005078990284801
0.7116024921844321
0.38071424413685234
0.5021124660230564
0.23719889331498176
0.23719889331498176
0.23719889331498176
0.8630427673244547
0.345109433745769
0.4372200452560002
0.345109433745769
0.23719889331498176
0.345109433745769
0.38071424413685234
0.23719889331498176
0.3005078990284801
0.23719889331498176
0.46083916536016406
0.23719889331498176
0.23719889331498176
0.345109433745769
0.23719889331498176
0.38071424413685234
0.23719889331498176
0.23719889331498176
0.5977495145785381
0.3005078990284801
0.3005078990284801
0.23719889331498176
0.23719889331498176
0.23719889331498176
0.23719889331498176
0.3005078990284801
0.23719889331498176
0.345109433745769
0.23719889331498176
0.3005078990284801
0.23719889331498176
0.23719889331498176
0.6704919284514803
0.345109433745769
0.345109433745769
0.23719889331498176
0.23719889331498176
0.23719889331498176
0.23719889331498176
0.23719889331498176
0.7211922234002047
0.5021124660230564
0.3005078990284801
0.23719889331498176
0.345109433745769
0.23719889331498176
1.0492892119399135
0.23719889331498176
0.23719889331498176
0.23719889331498176
0.23719889331498176
0.23719889331498176
0.907644919875079
0.23719889331498176
0.23719889331498176
0.23719889331498176
0.23719889331498176
0.5838383452680059
0.23719889331498176
0.23719889331498176
0.23719889331498176
0.23719889331498176
0.23719889331498176
0.3005078990284801
0.23719889331498176
0.3005078990284801
0.41084221256624814
0.3005078990284801
0.3005078990284801
0.23719889331498176
0.482327872769022
0.23719889331498176
0.38071424413685234
0.23719889331498176
0.5692562418856326
0.4372200452560002
0.23719889331498176
0.23719889331498176
0.23719889331498176
0.23719889331498176
0.3005078990284801
0.3005078990284801
0.3005078990284801
0.4372200452560002
0.23719889331498176
0.3005078990284801
0.3005078990284801
0.345109433745769
0.345109433745769
0.23719889331498176
0.23719889331498176
0.23719889331498176
0.23719889331498176
0.23719889331498176
0.3005078990284801
0.23719889331498176
0.345109433745769
0.3005078990284801
0.5692562418856326
0.23719889331498176
0.23719889331498176
0.38071424413685234
0.23719889331498176
0.3005078990284801
0.23719889331498176
0.23719889331498176
0.23719889331498176
0.23719889331498176
0.23719889331498176
0.345109433745769
0.482327872769022
0.23719889331498176
0.23719889331498176
0.345109433745769
0.23719889331498176
0.23719889331498176
0.38071424413685234
0.23719889331498176
0.23719889331498176
0.23719889331498176
0.23719889331498176
0.23719889331498176
0.345109433745769
0.3005078990284801
0.38071424413685234
0.345109433745769
0.5377071975780173
0.3005078990284801
0.23719889331498176
0.3005078990284801
0.23719889331498176
0.3005078990284801
0.3005078990284801
0.41084221256624814
0.23719889331498176
0.3005078990284801
0.23719889331498176
0.23719889331498176
0.23719889331498176
0.23719889331498176
0.23719889331498176
0.3005078990284801
0.5539152201631243
0.23719889331498176
0.23719889331498176
0.23719889331498176
0.23719889331498176
0.23719889331498176
0.41084221256624814
0.3005078990284801
0.41084221256624814
0.345109433745769
0.7572904251823704
0.23719889331498176
0.23719889331498176
0.345109433745769
0.38071424413685234
0.3005078990284801
0.3005078990284801
0.23719889331498176
0.6238379756258212
0.23719889331498176
0.23719889331498176
0.23719889331498176
0.23719889331498176
0.38071424413685234
0.739666328357491
0.3005078990284801
1.1223307676414382
0.41084221256624814
0.3005078990284801
0.23719889331498176
0.23719889331498176
0.3005078990284801
0.23719889331498176
0.23719889331498176
0.23719889331498176
0.23719889331498176
0.23719889331498176
0.23719889331498176
0.46083916536016406
0.23719889331498176
0.6812226565580518
0.41084221256624814
0.3005078990284801
0.3005078990284801
0.3005078990284801
0.23719889331498176
0.345109433745769
0.23719889331498176
0.345109433745769
0.41084221256624814
0.23719889331498176
0.23719889331498176
0.482327872769022
0.3005078990284801
0.790341964793876
0.41084221256624814
0.23719889331498176
0.3005078990284801
0.23719889331498176
0.3005078990284801
0.23719889331498176
0.23719889331498176
0.23719889331498176
0.23719889331498176
0.3005078990284801
0.23719889331498176
0.3005078990284801
0.3005078990284801
0.3005078990284801
0.3005078990284801
0.345109433745769
0.345109433745769
0.345109433745769
0.23719889331498176
0.23719889331498176
0.23719889331498176
0.23719889331498176
0.23719889331498176
0.23719889331498176
0.3005078990284801
0.6479753245291852
0.23719889331498176
0.3005078990284801
0.23719889331498176
0.23719889331498176
0.482327872769022
0.3005078990284801
0.3005078990284801
0.23719889331498176
0.23719889331498176
0.41084221256624814
0.23719889331498176
0.23719889331498176
0.38071424413685234
0.23719889331498176
0.23719889331498176
0.9015310606268648
0.345109433745769
0.23719889331498176
0.23719889331498176
0.46083916536016406
0.38071424413685234
0.23719889331498176
0.3005078990284801
0.7211922234002047
0.345109433745769
0.345109433745769
0.5204970748600768
0.3005078990284801
0.23719889331498176
0.23719889331498176
0.345109433745769
0.5539152201631243
0.345109433745769
0.23719889331498176
0.3005078990284801
0.3005078990284801
0.3005078990284801
0.345109433745769
0.3005078990284801
0.38071424413685234
0.345109433745769
0.23719889331498176
0.3005078990284801
0.23719889331498176
0.23719889331498176
0.3005078990284801
0.3005078990284801
0.41084221256624814
0.23719889331498176
0.23719889331498176
0.3005078990284801
0.3005078990284801
0.23719889331498176
0.23719889331498176
0.23719889331498176
0.6479753245291852
0.345109433745769
0.23719889331498176
0.38071424413685234
0.5204970748600768
0.23719889331498176
0.23719889331498176
0.23719889331498176
0.345109433745769
0.23719889331498176
0.3005078990284801
0.23719889331498176
0.3005078990284801
0.3005078990284801
0.5977495145785381
0.3005078990284801
0.23719889331498176
0.23719889331498176
0.38071424413685234
0.3005078990284801
0.23719889331498176
0.23719889331498176
0.5377071975780173
0.23719889331498176
0.345109433745769
0.3005078990284801
0.3005078990284801
0.23719889331498176
0.23719889331498176
0.3005078990284801
0.345109433745769
0.23719889331498176
0.23719889331498176
0.23719889331498176
0.23719889331498176
0.23719889331498176
0.38071424413685234
0.3005078990284801
0.23719889331498176
0.23719889331498176
0.23719889331498176
0.345109433745769
0.23719889331498176
0.23719889331498176
0.23719889331498176
0.3005078990284801
0.23719889331498176
0.23719889331498176
0.345109433745769
0.3005078990284801
0.41084221256624814
0.38071424413685234
0.345109433745769
0.23719889331498176
0.3005078990284801
0.5021124660230564
0.23719889331498176
0.23719889331498176
0.23719889331498176
0.3005078990284801
0.23719889331498176
0.23719889331498176
0.23719889331498176
0.345109433745769
0.482327872769022
0.23719889331498176
0.4372200452560002
0.3005078990284801
0.23719889331498176
0.23719889331498176
0.4372200452560002
0.23719889331498176
0.23719889331498176
0.23719889331498176
0.23719889331498176
0.23719889331498176
0.23719889331498176
0.23719889331498176
0.23719889331498176
0.23719889331498176
0.345109433745769
0.23719889331498176
0.8696878539988456
0.23719889331498176
0.23719889331498176
0.3005078990284801
0.23719889331498176
0.23719889331498176
0.23719889331498176
0.3005078990284801
0.345109433745769
0.3005078990284801
0.23719889331498176
0.3005078990284801
0.23719889331498176
0.23719889331498176
0.23719889331498176
0.3005078990284801
0.5204970748600768
0.23719889331498176
0.23719889331498176
0.23719889331498176
0.3005078990284801
0.23719889331498176
0.23719889331498176
0.23719889331498176
0.7741566115300077
0.23719889331498176
0.345109433745769
0.23719889331498176
0.23719889331498176
0.3005078990284801
0.3005078990284801
0.23719889331498176
0.4372200452560002
0.23719889331498176
0.6361275979489042
0.23719889331498176
0.23719889331498176
0.3005078990284801
0.7485784755105539
0.23719889331498176
0.5539152201631243
0.23719889331498176
0.41084221256624814
0.41084221256624814
0.345109433745769
0.23719889331498176
0.4372200452560002
0.23719889331498176
0.23719889331498176
0.23719889331498176
0.5377071975780173
0.23719889331498176
0.4372200452560002
0.23719889331498176
0.23719889331498176
0.23719889331498176
0.23719889331498176
0.23719889331498176
0.23719889331498176
0.23719889331498176
0.5377071975780173
0.345109433745769
0.482327872769022
0.23719889331498176
0.482327872769022
0.345109433745769
0.23719889331498176
0.3005078990284801
0.23719889331498176
0.23719889331498176
0.23719889331498176
0.23719889331498176
0.23719889331498176
0.23719889331498176
0.23719889331498176
0.4372200452560002
0.23719889331498176
0.23719889331498176
0.23719889331498176
0.3005078990284801
0.5204970748600768
0.23719889331498176
0.46083916536016406
0.23719889331498176
0.38071424413685234
0.23719889331498176
0.3005078990284801
0.23719889331498176
0.5539152201631243
0.23719889331498176
0.23719889331498176
0.23719889331498176
0.5692562418856326
0.23719889331498176
0.482327872769022
0.23719889331498176
0.23719889331498176
0.23719889331498176
0.23719889331498176
0.41084221256624814
0.23719889331498176
0.23719889331498176
0.3005078990284801
0.23719889331498176
0.46083916536016406
0.3005078990284801
0.23719889331498176
0.23719889331498176
0.23719889331498176
0.3005078990284801
0.3005078990284801
0.23719889331498176
1.1908029441675796
0.46083916536016406
0.23719889331498176
0.23719889331498176
0.5377071975780173
0.23719889331498176
0.3005078990284801
0.3005078990284801
0.23719889331498176
0.23719889331498176
0.41084221256624814
0.23719889331498176
0.23719889331498176
0.3005078990284801
0.38071424413685234
0.5021124660230564
0.3005078990284801
0.3005078990284801
0.23719889331498176
0.23719889331498176
0.23719889331498176
0.3005078990284801
0.345109433745769
0.3005078990284801
0.482327872769022
0.23719889331498176
0.23719889331498176
0.23719889331498176
0.345109433745769
0.23719889331498176
0.3005078990284801
0.3005078990284801
0.41084221256624814
0.23719889331498176
0.3005078990284801
0.23719889331498176
0.23719889331498176
0.23719889331498176
0.23719889331498176
0.23719889331498176
0.3005078990284801
0.4372200452560002
0.3005078990284801
0.345109433745769
0.23719889331498176
0.38071424413685234
0.23719889331498176
0.23719889331498176
0.23719889331498176
0.3005078990284801
0.23719889331498176
0.23719889331498176
0.23719889331498176
0.23719889331498176
0.3005078990284801
0.345109433745769
0.23719889331498176
0.23719889331498176
0.5204970748600768
0.23719889331498176
0.23719889331498176
0.23719889331498176
0.5021124660230564
0.23719889331498176
0.23719889331498176
0.23719889331498176
0.23719889331498176
0.41084221256624814
0.23719889331498176
0.3005078990284801
0.23719889331498176
0.3005078990284801
0.23719889331498176
0.23719889331498176
0.23719889331498176
0.23719889331498176
0.23719889331498176
0.23719889331498176
0.23719889331498176
0.23719889331498176
0.23719889331498176
0.23719889331498176
0.5838383452680059
0.3005078990284801
0.3005078990284801
0.23719889331498176
0.3005078990284801
0.23719889331498176
0.3005078990284801
0.23719889331498176
0.345109433745769
0.23719889331498176
0.23719889331498176
0.3005078990284801
0.23719889331498176
0.3005078990284801
0.23719889331498176
0.23719889331498176
0.3005078990284801
0.23719889331498176
0.23719889331498176
0.23719889331498176
0.6812226565580518
0.46083916536016406
0.23719889331498176
0.23719889331498176
0.3005078990284801
0.23719889331498176
0.482327872769022
0.3005078990284801
0.23719889331498176
0.38071424413685234
0.23719889331498176
0.23719889331498176
0.3005078990284801
0.23719889331498176
0.23719889331498176
0.23719889331498176
0.5021124660230564
0.23719889331498176
0.23719889331498176
0.23719889331498176
0.23719889331498176
0.345109433745769
0.3005078990284801
0.23719889331498176
0.5021124660230564
0.3005078990284801
0.345109433745769
0.23719889331498176
0.23719889331498176
0.23719889331498176
0.23719889331498176
0.38071424413685234
0.482327872769022
0.3005078990284801
0.3005078990284801
0.23719889331498176
0.38071424413685234
0.345109433745769
0.345109433745769
0.3005078990284801
0.23719889331498176
0.23719889331498176
0.46083916536016406
0.23719889331498176
0.23719889331498176
0.23719889331498176
0.23719889331498176
0.23719889331498176
0.3005078990284801
0.345109433745769
0.38071424413685234
0.23719889331498176
0.5692562418856326
0.41084221256624814
0.3005078990284801
0.23719889331498176
0.23719889331498176
0.23719889331498176
0.46083916536016406
0.23719889331498176
0.23719889331498176
0.23719889331498176
0.5539152201631243
0.23719889331498176
1.2392322948131667
0.23719889331498176
0.23719889331498176
0.23719889331498176
0.23719889331498176
0.23719889331498176
0.345109433745769
0.23719889331498176
0.23719889331498176
0.23719889331498176
0.3005078990284801
0.23719889331498176
0.23719889331498176
0.23719889331498176
0.23719889331498176
0.3005078990284801
0.3005078990284801
0.23719889331498176
0.23719889331498176
0.23719889331498176
0.23719889331498176
0.23719889331498176
0.23719889331498176
0.23719889331498176
0.23719889331498176
0.23719889331498176
0.23719889331498176
0.3005078990284801
0.41084221256624814
0.23719889331498176
0.3005078990284801
0.23719889331498176
0.23719889331498176
0.3005078990284801
0.3005078990284801
0.41084221256624814
0.23719889331498176
0.23719889331498176
0.38071424413685234
0.23719889331498176
0.23719889331498176
0.23719889331498176
0.46083916536016406
0.345109433745769
0.3005078990284801
0.3005078990284801
0.23719889331498176
0.23719889331498176
0.3005078990284801
0.23719889331498176
0.38071424413685234
0.23719889331498176
0.23719889331498176
0.3005078990284801
0.482327872769022
0.23719889331498176
0.23719889331498176
0.23719889331498176
0.23719889331498176
0.23719889331498176
0.4372200452560002
0.3005078990284801
0.5021124660230564
0.345109433745769
0.23719889331498176
0.23719889331498176
0.5539152201631243
0.3005078990284801
0.23719889331498176
0.23719889331498176
0.23719889331498176
0.3005078990284801
0.23719889331498176
0.23719889331498176
0.23719889331498176
0.345109433745769
0.5692562418856326
0.23719889331498176
0.482327872769022
0.23719889331498176
0.23719889331498176
0.345109433745769
0.3005078990284801
0.345109433745769
0.345109433745769
0.23719889331498176
0.23719889331498176
0.23719889331498176
0.23719889331498176
0.3005078990284801
0.6479753245291852
0.23719889331498176
0.345109433745769
0.4372200452560002
0.23719889331498176
0.23719889331498176
0.23719889331498176
0.23719889331498176
0.23719889331498176
0.23719889331498176
0.23719889331498176
0.38071424413685234
0.23719889331498176
0.3005078990284801
0.23719889331498176
0.23719889331498176
0.23719889331498176
0.23719889331498176
0.345109433745769
0.3005078990284801
0.23719889331498176
0.3005078990284801
0.23719889331498176
0.23719889331498176
0.3005078990284801
0.23719889331498176
0.23719889331498176
0.23719889331498176
0.23719889331498176
0.23719889331498176
0.3005078990284801
0.23719889331498176
0.23719889331498176
0.23719889331498176
0.23719889331498176
0.23719889331498176
0.23719889331498176
0.23719889331498176
0.23719889331498176
0.23719889331498176
0.3005078990284801
0.23719889331498176
0.23719889331498176
0.23719889331498176
0.5021124660230564
0.345109433745769
0.23719889331498176
0.23719889331498176
0.41084221256624814
0.3005078990284801
0.5539152201631243
0.23719889331498176
0.23719889331498176
0.41084221256624814
0.23719889331498176
0.41084221256624814
0.23719889331498176
0.23719889331498176
0.345109433745769
0.23719889331498176
0.23719889331498176
0.345109433745769
0.41084221256624814
0.23719889331498176
0.23719889331498176
0.23719889331498176
0.23719889331498176
0.4372200452560002
0.345109433745769
0.23719889331498176
0.5021124660230564
0.23719889331498176
0.38071424413685234
0.23719889331498176
0.6916367188758529
0.345109433745769
0.3005078990284801
0.23719889331498176
0.23719889331498176
0.41084221256624814
0.23719889331498176
0.3005078990284801
0.23719889331498176
0.23719889331498176
0.8209216353214078
0.345109433745769
0.23719889331498176
0.23719889331498176
0.6479753245291852
0.23719889331498176
0.23719889331498176
0.23719889331498176
0.38071424413685234
0.23719889331498176
0.23719889331498176
0.23719889331498176
0.5204970748600768
0.3005078990284801
0.38071424413685234
0.23719889331498176
0.23719889331498176
0.23719889331498176
0.5539152201631243
0.23719889331498176
0.23719889331498176
0.23719889331498176
0.345109433745769
0.23719889331498176
0.23719889331498176
0.23719889331498176
0.38071424413685234
0.23719889331498176
0.8890573282745684
0.23719889331498176
0.23719889331498176
0.3005078990284801
0.23719889331498176
0.3005078990284801
0.4372200452560002
0.23719889331498176
0.3005078990284801
0.3005078990284801
1.1650939907805713
0.3005078990284801
0.5539152201631243
0.23719889331498176
0.23719889331498176
0.23719889331498176
0.23719889331498176
0.23719889331498176
0.41084221256624814
0.345109433745769
0.3005078990284801
0.23719889331498176
0.5377071975780173
0.3005078990284801
0.23719889331498176
0.23719889331498176
0.23719889331498176
0.23719889331498176
0.23719889331498176
0.3005078990284801
0.5377071975780173
0.23719889331498176
0.23719889331498176
0.23719889331498176
0.3005078990284801
0.23719889331498176
0.38071424413685234
0.23719889331498176
0.5204970748600768
0.23719889331498176
0.345109433745769
0.23719889331498176
0.23719889331498176
0.23719889331498176
0.23719889331498176
0.23719889331498176
0.23719889331498176
0.23719889331498176
0.38071424413685234
0.23719889331498176
0.23719889331498176
0.23719889331498176
0.23719889331498176
0.23719889331498176
0.3005078990284801
0.23719889331498176
0.23719889331498176
0.23719889331498176
0.3005078990284801
0.3005078990284801
0.23719889331498176
0.23719889331498176
0.23719889331498176
0.23719889331498176
0.23719889331498176
0.23719889331498176
0.23719889331498176
0.23719889331498176
0.23719889331498176
0.23719889331498176
0.23719889331498176
0.23719889331498176
0.23719889331498176
0.23719889331498176
0.23719889331498176
0.23719889331498176
0.23719889331498176
0.23719889331498176
0.5692562418856326
0.23719889331498176
0.3005078990284801
0.23719889331498176
0.23719889331498176
0.23719889331498176
0.4372200452560002
0.23719889331498176
0.5377071975780173
0.23719889331498176
0.3005078990284801
0.3005078990284801
0.5021124660230564
0.345109433745769
0.3005078990284801
0.23719889331498176
0.38071424413685234
0.23719889331498176
0.345109433745769
0.3005078990284801
0.23719889331498176
0.23719889331498176
0.4372200452560002
0.3005078990284801
0.3005078990284801
0.23719889331498176
0.23719889331498176
0.23719889331498176
0.23719889331498176
0.3005078990284801
0.38071424413685234
0.23719889331498176
0.41084221256624814
0.23719889331498176
0.23719889331498176
0.23719889331498176
0.6110624449508762
0.23719889331498176
0.345109433745769
0.23719889331498176
0.23719889331498176
0.23719889331498176
0.41084221256624814
0.23719889331498176
0.3005078990284801
0.3005078990284801
0.6238379756258212
0.23719889331498176
0.3005078990284801
0.23719889331498176
0.23719889331498176
0.23719889331498176
0.3005078990284801
0.23719889331498176
0.3005078990284801
0.23719889331498176
0.482327872769022
0.3005078990284801
0.345109433745769
0.23719889331498176
1.0446782979335054
0.46083916536016406
0.23719889331498176
0.3005078990284801
0.6238379756258212
0.23719889331498176
0.23719889331498176
0.23719889331498176
0.23719889331498176
0.3005078990284801
0.23719889331498176
0.23719889331498176
0.23719889331498176
0.23719889331498176
0.5977495145785381
0.3005078990284801
0.23719889331498176
0.3005078990284801
0.23719889331498176
0.23719889331498176
0.23719889331498176
0.4372200452560002
0.46083916536016406
0.23719889331498176
0.23719889331498176
0.23719889331498176
0.23719889331498176
0.23719889331498176
0.23719889331498176
0.23719889331498176
0.23719889331498176
0.23719889331498176
0.46083916536016406
0.345109433745769
0.23719889331498176
0.23719889331498176
0.23719889331498176
0.3005078990284801
0.23719889331498176
0.23719889331498176
0.23719889331498176
0.23719889331498176
0.23719889331498176
0.23719889331498176
0.23719889331498176
0.345109433745769
0.345109433745769
0.23719889331498176
0.23719889331498176
0.3005078990284801
0.345109433745769
0.3005078990284801
0.23719889331498176
0.23719889331498176
0.23719889331498176
0.23719889331498176
0.23719889331498176
0.23719889331498176
0.3005078990284801
0.23719889331498176
0.23719889331498176
0.23719889331498176
0.3005078990284801
0.23719889331498176
0.46083916536016406
0.345109433745769
0.7485784755105539
0.23719889331498176
0.23719889331498176
0.23719889331498176
0.46083916536016406
0.23719889331498176
1.0353367576792831
0.23719889331498176
0.23719889331498176
0.3005078990284801
0.23719889331498176
0.23719889331498176
0.23719889331498176
0.23719889331498176
0.345109433745769
0.23719889331498176
0.5021124660230564
0.41084221256624814
0.3005078990284801
0.23719889331498176
0.23719889331498176
0.3005078990284801
0.23719889331498176
0.23719889331498176
0.3005078990284801
0.23719889331498176
0.5021124660230564
0.345109433745769
0.23719889331498176
0.23719889331498176
0.23719889331498176
0.23719889331498176
0.23719889331498176
0.23719889331498176
0.5977495145785381
0.23719889331498176
0.5692562418856326
0.38071424413685234
0.23719889331498176
0.23719889331498176
0.23719889331498176
0.23719889331498176
0.345109433745769
0.3005078990284801
0.3005078990284801
0.345109433745769
0.7485784755105539
0.4372200452560002
0.3005078990284801
0.23719889331498176
0.23719889331498176
0.23719889331498176
0.3005078990284801
0.23719889331498176
0.23719889331498176
0.23719889331498176
0.4372200452560002
0.38071424413685234
0.3005078990284801
0.23719889331498176
0.23719889331498176
0.23719889331498176
0.23719889331498176
0.23719889331498176
0.23719889331498176
0.345109433745769
0.23719889331498176
0.23719889331498176
0.3005078990284801
0.3005078990284801
0.23719889331498176
0.345109433745769
0.3005078990284801
0.23719889331498176
0.41084221256624814
0.23719889331498176
0.3005078990284801
0.23719889331498176
0.23719889331498176
0.23719889331498176
0.23719889331498176
0.23719889331498176
0.3005078990284801
0.3005078990284801
0.345109433745769
0.23719889331498176
0.345109433745769
0.23719889331498176
0.23719889331498176
0.3005078990284801
0.5377071975780173
0.23719889331498176
0.23719889331498176
0.23719889331498176
0.23719889331498176
0.23719889331498176
0.23719889331498176
0.23719889331498176
0.23719889331498176
0.23719889331498176
0.41084221256624814
0.3005078990284801
0.23719889331498176
0.3005078990284801
0.3005078990284801
0.38071424413685234
0.5377071975780173
0.345109433745769
0.345109433745769
0.23719889331498176
0.3005078990284801
0.23719889331498176
0.5977495145785381
0.3005078990284801
0.23719889331498176
0.23719889331498176
0.7017566428106304
0.23719889331498176
0.23719889331498176
0.23719889331498176
0.7116024921844321
0.23719889331498176
0.23719889331498176
0.23719889331498176
0.23719889331498176
0.23719889331498176
0.23719889331498176
0.23719889331498176
0.3005078990284801
0.3005078990284801
0.23719889331498176
0.23719889331498176
0.23719889331498176
0.23719889331498176
0.23719889331498176
0.345109433745769
0.23719889331498176
0.23719889331498176
0.23719889331498176
0.3005078990284801
0.23719889331498176
0.23719889331498176
0.23719889331498176
0.345109433745769
0.23719889331498176
0.23719889331498176
0.23719889331498176
0.23719889331498176
0.23719889331498176
0.23719889331498176
0.23719889331498176
0.23719889331498176
0.345109433745769
0.345109433745769
0.23719889331498176
0.23719889331498176
0.8282319388080668
0.23719889331498176
0.38071424413685234
0.23719889331498176
0.23719889331498176
0.345109433745769
0.23719889331498176
0.23719889331498176
0.23719889331498176
0.23719889331498176
0.3005078990284801
0.23719889331498176
0.5692562418856326
0.3005078990284801
0.345109433745769
0.3005078990284801
0.23719889331498176
0.23719889331498176
0.41084221256624814
0.23719889331498176
0.345109433745769
0.38071424413685234
0.23719889331498176
0.23719889331498176
0.23719889331498176
0.23719889331498176
0.23719889331498176
0.3005078990284801
0.23719889331498176
0.23719889331498176
0.23719889331498176
0.23719889331498176
0.23719889331498176
0.23719889331498176
0.23719889331498176
0.3005078990284801
0.23719889331498176
0.23719889331498176
0.23719889331498176
0.3005078990284801
0.23719889331498176
0.23719889331498176
0.23719889331498176
0.23719889331498176
0.23719889331498176
0.23719889331498176
0.3005078990284801
0.23719889331498176
0.41084221256624814
0.23719889331498176
0.3005078990284801
0.23719889331498176
0.3005078990284801
0.23719889331498176
0.345109433745769
0.23719889331498176
0.482327872769022
0.23719889331498176
0.5977495145785381
0.3005078990284801
0.345109433745769
0.3005078990284801
0.3005078990284801
0.23719889331498176
0.3005078990284801
0.46083916536016406
0.23719889331498176
0.23719889331498176
0.23719889331498176
0.3005078990284801
0.3005078990284801
0.23719889331498176
0.41084221256624814
0.345109433745769
0.23719889331498176
0.23719889331498176
0.23719889331498176
0.23719889331498176
0.3005078990284801
0.23719889331498176
0.23719889331498176
0.23719889331498176
0.345109433745769
0.3005078990284801
0.46083916536016406
0.23719889331498176
0.23719889331498176
0.23719889331498176
0.23719889331498176
0.23719889331498176
0.23719889331498176
0.23719889331498176
0.23719889331498176
0.38071424413685234
0.4372200452560002
0.23719889331498176
0.3005078990284801
0.23719889331498176
0.23719889331498176
0.23719889331498176
0.5021124660230564
0.23719889331498176
0.482327872769022
0.23719889331498176
0.23719889331498176
0.23719889331498176
0.23719889331498176
0.23719889331498176
0.482327872769022
0.23719889331498176
0.5977495145785381
0.23719889331498176
0.23719889331498176
0.23719889331498176
0.23719889331498176
0.23719889331498176
1.0446782979335054
0.23719889331498176
0.38071424413685234
0.345109433745769
0.23719889331498176
0.23719889331498176
0.23719889331498176
0.3005078990284801
0.23719889331498176
0.3005078990284801
0.23719889331498176
0.23719889331498176
0.482327872769022
0.345109433745769
0.3005078990284801
0.23719889331498176
0.46083916536016406
0.23719889331498176
0.23719889331498176
0.23719889331498176
0.23719889331498176
0.3005078990284801
0.23719889331498176
0.23719889331498176
0.3005078990284801
0.23719889331498176
0.46083916536016406
0.23719889331498176
0.23719889331498176
0.23719889331498176
0.23719889331498176
0.23719889331498176
0.3005078990284801
0.23719889331498176
0.3005078990284801
0.23719889331498176
0.23719889331498176
0.23719889331498176
0.23719889331498176
0.3005078990284801
0.5977495145785381
0.23719889331498176
0.23719889331498176
0.23719889331498176
0.3005078990284801
0.23719889331498176
0.23719889331498176
0.3005078990284801
0.9755234795793376
0.23719889331498176
0.23719889331498176
0.23719889331498176
0.41084221256624814
0.3005078990284801
0.41084221256624814
0.23719889331498176
0.38071424413685234
0.3005078990284801
0.3005078990284801
0.3005078990284801
0.3005078990284801
0.23719889331498176
0.3005078990284801
0.23719889331498176
0.23719889331498176
0.23719889331498176
0.46083916536016406
0.23719889331498176
0.23719889331498176
0.3005078990284801
0.23719889331498176
0.23719889331498176
0.38071424413685234
0.23719889331498176
0.3005078990284801
0.23719889331498176
0.23719889331498176
0.3005078990284801
0.38071424413685234
0.3005078990284801
0.3005078990284801
0.23719889331498176
0.5377071975780173
0.23719889331498176
0.23719889331498176
0.23719889331498176
0.3005078990284801
0.23719889331498176
0.23719889331498176
0.23719889331498176
0.4372200452560002
0.23719889331498176
0.41084221256624814
0.3005078990284801
0.23719889331498176
0.23719889331498176
0.23719889331498176
0.23719889331498176
0.23719889331498176
0.3005078990284801
0.23719889331498176
0.3005078990284801
0.38071424413685234
0.3005078990284801
0.3005078990284801
0.23719889331498176
0.3005078990284801
0.23719889331498176
0.38071424413685234
0.23719889331498176
0.3005078990284801
0.345109433745769
0.345109433745769
0.23719889331498176
0.38071424413685234
0.23719889331498176
0.23719889331498176
0.23719889331498176
1.0583955236518914
0.23719889331498176
0.23719889331498176
0.23719889331498176
0.46083916536016406
0.23719889331498176
0.23719889331498176
0.23719889331498176
0.23719889331498176
0.23719889331498176
0.23719889331498176
0.23719889331498176
0.23719889331498176
0.23719889331498176
0.8134834901539262
0.23719889331498176
0.345109433745769
0.23719889331498176
0.23719889331498176
0.23719889331498176
0.23719889331498176
0.23719889331498176
0.23719889331498176
0.23719889331498176
0.3005078990284801
0.5204970748600768
0.3005078990284801
0.23719889331498176
0.38071424413685234
0.3005078990284801
0.23719889331498176
0.23719889331498176
0.41084221256624814
0.23719889331498176
0.345109433745769
0.23719889331498176
0.23719889331498176
0.23719889331498176
0.23719889331498176
0.23719889331498176
0.23719889331498176
0.23719889331498176
0.6361275979489042
0.345109433745769
0.8282319388080668
0.3005078990284801
0.345109433745769
0.23719889331498176
0.23719889331498176
0.23719889331498176
0.345109433745769
0.38071424413685234
0.23719889331498176
0.23719889331498176
0.23719889331498176
0.3005078990284801
0.23719889331498176
0.23719889331498176
0.3005078990284801
0.23719889331498176
0.23719889331498176
0.23719889331498176
0.23719889331498176
0.23719889331498176
0.5539152201631243
0.23719889331498176
0.23719889331498176
0.23719889331498176
0.3005078990284801
0.23719889331498176
0.23719889331498176
0.23719889331498176
0.345109433745769
0.23719889331498176
0.23719889331498176
0.23719889331498176
0.23719889331498176
0.23719889331498176
0.3005078990284801
0.23719889331498176
0.38071424413685234
0.23719889331498176
0.38071424413685234
0.23719889331498176
0.23719889331498176
0.23719889331498176
0.41084221256624814
0.23719889331498176
0.23719889331498176
0.23719889331498176
0.3005078990284801
0.23719889331498176
0.23719889331498176
0.23719889331498176
0.23719889331498176
0.23719889331498176
0.8630427673244547
0.3005078990284801
0.38071424413685234
0.23719889331498176
0.23719889331498176
0.23719889331498176
1.0446782979335054
0.3005078990284801
0.23719889331498176
0.23719889331498176
0.23719889331498176
0.23719889331498176
0.3005078990284801
0.23719889331498176
0.3005078990284801
0.23719889331498176
0.345109433745769
0.23719889331498176
0.23719889331498176
0.23719889331498176
0.23719889331498176
0.23719889331498176
0.23719889331498176
0.23719889331498176
0.23719889331498176
0.23719889331498176
0.6110624449508762
0.23719889331498176
0.23719889331498176
0.345109433745769
0.38071424413685234
0.3005078990284801
0.23719889331498176
0.23719889331498176
0.3005078990284801
0.3005078990284801
0.5377071975780173
0.23719889331498176
0.46083916536016406
0.23719889331498176
0.41084221256624814
0.23719889331498176
0.23719889331498176
0.23719889331498176
0.23719889331498176
0.23719889331498176
0.23719889331498176
0.3005078990284801
0.23719889331498176
0.23719889331498176
0.23719889331498176
0.23719889331498176
0.23719889331498176
0.3005078990284801
0.23719889331498176
0.23719889331498176
0.23719889331498176
0.23719889331498176
0.3005078990284801
0.3005078990284801
0.23719889331498176
0.3005078990284801
0.739666328357491
0.3005078990284801
0.23719889331498176
0.23719889331498176
0.23719889331498176
0.23719889331498176
0.3005078990284801
0.23719889331498176
0.5021124660230564
0.23719889331498176
0.3005078990284801
0.23719889331498176
0.23719889331498176
0.23719889331498176
0.23719889331498176
0.23719889331498176
0.23719889331498176
0.23719889331498176
0.23719889331498176
0.23719889331498176
0.23719889331498176
0.23719889331498176
0.38071424413685234
0.23719889331498176
0.41084221256624814
0.23719889331498176
0.38071424413685234
0.23719889331498176
0.345109433745769
0.23719889331498176
0.345109433745769
0.23719889331498176
0.7485784755105539
0.23719889331498176
0.3005078990284801
0.23719889331498176
0.23719889331498176
0.23719889331498176
0.23719889331498176
0.23719889331498176
0.23719889331498176
0.3005078990284801
0.41084221256624814
0.23719889331498176
0.23719889331498176
0.23719889331498176
0.7017566428106304
0.23719889331498176
0.23719889331498176
0.23719889331498176
0.345109433745769
0.23719889331498176
0.5692562418856326
0.23719889331498176
0.23719889331498176
0.23719889331498176
0.23719889331498176
0.23719889331498176
0.23719889331498176
0.23719889331498176
0.345109433745769
0.23719889331498176
0.23719889331498176
0.23719889331498176
0.23719889331498176
0.23719889331498176
0.23719889331498176
0.23719889331498176
0.5377071975780173
0.23719889331498176
0.23719889331498176
0.23719889331498176
0.38071424413685234
0.23719889331498176
0.7116024921844321
0.23719889331498176
0.23719889331498176
0.23719889331498176
0.23719889331498176
0.23719889331498176
0.23719889331498176
0.23719889331498176
0.23719889331498176
0.3005078990284801
0.4372200452560002
0.23719889331498176
0.23719889331498176
0.23719889331498176
0.8826917736867387
0.345109433745769
0.41084221256624814
0.23719889331498176
0.482327872769022
0.23719889331498176
0.23719889331498176
0.23719889331498176
0.3005078990284801
0.3005078990284801
0.41084221256624814
0.23719889331498176
0.23719889331498176
0.23719889331498176
0.23719889331498176
0.23719889331498176
0.23719889331498176
0.23719889331498176
0.23719889331498176
0.23719889331498176
0.3005078990284801
0.23719889331498176
0.23719889331498176
0.23719889331498176
0.38071424413685234
0.38071424413685234
0.23719889331498176
0.23719889331498176
0.38071424413685234
0.3005078990284801
0.23719889331498176
0.23719889331498176
0.23719889331498176
0.23719889331498176
0.23719889331498176
0.23719889331498176
0.23719889331498176
0.23719889331498176
0.23719889331498176
0.23719889331498176
0.3005078990284801
0.3005078990284801
0.5377071975780173
0.345109433745769
0.23719889331498176
0.23719889331498176
0.23719889331498176
0.23719889331498176
0.5539152201631243
0.23719889331498176
0.5021124660230564
0.23719889331498176
0.3005078990284801
0.23719889331498176
0.23719889331498176
0.3005078990284801
0.3005078990284801
0.3005078990284801
0.5692562418856326
0.23719889331498176
0.23719889331498176
0.23719889331498176
0.38071424413685234
0.345109433745769
0.38071424413685234
0.23719889331498176
0.3005078990284801
0.23719889331498176
0.3005078990284801
0.3005078990284801
0.23719889331498176
0.23719889331498176
0.3005078990284801
0.23719889331498176
0.23719889331498176
0.345109433745769
0.3005078990284801
0.345109433745769
0.23719889331498176
0.23719889331498176
0.23719889331498176
0.3005078990284801
0.345109433745769
0.3005078990284801
0.23719889331498176
0.23719889331498176
0.23719889331498176
0.23719889331498176
0.345109433745769
0.46083916536016406
0.3005078990284801
0.23719889331498176
0.23719889331498176
0.3005078990284801
0.3005078990284801
0.23719889331498176
0.23719889331498176
0.23719889331498176
0.23719889331498176
0.3005078990284801
0.5377071975780173
0.23719889331498176
0.345109433745769
0.23719889331498176
0.23719889331498176
0.3005078990284801
0.23719889331498176
0.3005078990284801
0.23719889331498176
0.23719889331498176
0.23719889331498176
0.23719889331498176
0.23719889331498176
0.23719889331498176
0.23719889331498176
0.23719889331498176
0.23719889331498176
0.23719889331498176
0.23719889331498176
0.23719889331498176
0.23719889331498176
0.23719889331498176
0.23719889331498176
0.3005078990284801
0.5204970748600768
0.345109433745769
0.23719889331498176
0.3005078990284801
0.23719889331498176
0.23719889331498176
0.23719889331498176
0.3005078990284801
0.345109433745769
0.23719889331498176
0.23719889331498176
0.23719889331498176
0.38071424413685234
0.23719889331498176
0.23719889331498176
0.4372200452560002
0.23719889331498176
0.23719889331498176
0.23719889331498176
0.23719889331498176
0.23719889331498176
0.23719889331498176
0.23719889331498176
0.345109433745769
0.23719889331498176
0.38071424413685234
0.23719889331498176
0.3005078990284801
0.5204970748600768
0.23719889331498176
0.23719889331498176
0.23719889331498176
0.23719889331498176
0.23719889331498176
0.38071424413685234
0.23719889331498176
0.46083916536016406
0.23719889331498176
0.46083916536016406
0.23719889331498176
0.5838383452680059
0.23719889331498176
0.345109433745769
0.23719889331498176
0.7485784755105539
0.3005078990284801
0.23719889331498176
0.23719889331498176
0.46083916536016406
0.23719889331498176
0.23719889331498176
0.3005078990284801
0.23719889331498176
0.23719889331498176
0.6361275979489042
0.3005078990284801
0.345109433745769
0.23719889331498176
0.23719889331498176
0.3005078990284801
0.6594191070232617
0.345109433745769
0.3005078990284801
0.23719889331498176
0.345109433745769
0.23719889331498176
0.46083916536016406
0.23719889331498176
0.23719889331498176
0.3005078990284801
0.482327872769022
0.23719889331498176
0.3005078990284801
0.23719889331498176
0.23719889331498176
0.23719889331498176
0.23719889331498176
0.23719889331498176
0.23719889331498176
0.23719889331498176
0.23719889331498176
0.23719889331498176
0.3005078990284801
0.23719889331498176
0.23719889331498176
0.23719889331498176
0.23719889331498176
0.23719889331498176
0.41084221256624814
0.23719889331498176
0.41084221256624814
0.3005078990284801
0.23719889331498176
0.23719889331498176
0.23719889331498176
0.3005078990284801
0.3005078990284801
0.23719889331498176
0.41084221256624814
0.23719889331498176
0.23719889331498176
0.3005078990284801
0.23719889331498176
0.23719889331498176
0.23719889331498176
0.23719889331498176
0.38071424413685234
0.3005078990284801
0.46083916536016406
0.23719889331498176
0.23719889331498176
0.3005078990284801
0.23719889331498176
0.23719889331498176
0.46083916536016406
0.23719889331498176
0.23719889331498176
0.23719889331498176
0.345109433745769
0.23719889331498176
0.23719889331498176
0.23719889331498176
0.23719889331498176
0.23719889331498176
0.23719889331498176
0.23719889331498176
0.23719889331498176
0.23719889331498176
0.3005078990284801
0.23719889331498176
0.23719889331498176
0.23719889331498176
0.3005078990284801
0.23719889331498176
0.482327872769022
0.23719889331498176
0.23719889331498176
0.23719889331498176
0.3005078990284801
0.23719889331498176
0.23719889331498176
0.23719889331498176
0.7305419785234887
0.3005078990284801
0.23719889331498176
0.23719889331498176
0.5204970748600768
0.23719889331498176
0.23719889331498176
0.3005078990284801
0.3005078990284801
0.3005078990284801
0.5539152201631243
0.23719889331498176
0.23719889331498176
0.23719889331498176
0.38071424413685234
0.23719889331498176
0.23719889331498176
0.23719889331498176
0.23719889331498176
0.3005078990284801
0.23719889331498176
0.23719889331498176
0.23719889331498176
0.23719889331498176
0.46083916536016406
0.23719889331498176
0.5692562418856326
0.345109433745769
0.38071424413685234
0.23719889331498176
0.5021124660230564
0.23719889331498176
0.23719889331498176
0.23719889331498176
0.5539152201631243
0.23719889331498176
0.23719889331498176
0.23719889331498176
0.5204970748600768
0.23719889331498176
0.23719889331498176
0.23719889331498176
0.3005078990284801
0.3005078990284801
0.23719889331498176
0.23719889331498176
0.23719889331498176
0.23719889331498176
0.4372200452560002
0.23719889331498176
0.38071424413685234
0.3005078990284801
0.23719889331498176
0.23719889331498176
0.23719889331498176
0.23719889331498176
0.23719889331498176
0.23719889331498176
0.3005078990284801
0.23719889331498176
0.23719889331498176
0.23719889331498176
0.23719889331498176
0.23719889331498176
0.23719889331498176
0.23719889331498176
0.3005078990284801
0.23719889331498176
0.23719889331498176
0.23719889331498176
0.23719889331498176
0.23719889331498176
0.345109433745769
0.23719889331498176
0.23719889331498176
0.3005078990284801
0.23719889331498176
0.23719889331498176
0.23719889331498176
0.23719889331498176
0.345109433745769
0.23719889331498176
0.23719889331498176
0.23719889331498176
0.5021124660230564
0.3005078990284801
0.23719889331498176
0.23719889331498176
0.23719889331498176
0.23719889331498176
0.41084221256624814
0.23719889331498176
0.23719889331498176
0.23719889331498176
0.5021124660230564
0.23719889331498176
0.23719889331498176
0.23719889331498176
0.23719889331498176
0.23719889331498176
0.345109433745769
0.3005078990284801
0.23719889331498176
0.23719889331498176
0.3005078990284801
0.23719889331498176
0.23719889331498176
0.23719889331498176
0.345109433745769
0.3005078990284801
0.23719889331498176
0.23719889331498176
0.23719889331498176
0.23719889331498176
0.23719889331498176
0.23719889331498176
0.3005078990284801
0.23719889331498176
0.23719889331498176
0.23719889331498176
0.4372200452560002
0.23719889331498176
0.23719889331498176
0.23719889331498176
0.23719889331498176
0.23719889331498176
0.482327872769022
0.23719889331498176
0.345109433745769
0.23719889331498176
0.3005078990284801
0.23719889331498176
0.23719889331498176
0.23719889331498176
0.345109433745769
0.23719889331498176
0.38071424413685234
0.3005078990284801
0.5539152201631243
0.23719889331498176
0.23719889331498176
0.23719889331498176
0.23719889331498176
0.23719889331498176
0.23719889331498176
0.3005078990284801
0.23719889331498176
0.23719889331498176
0.7211922234002047
0.23719889331498176
0.23719889331498176
0.23719889331498176
0.23719889331498176
0.23719889331498176
0.7741566115300077
0.3005078990284801
0.6479753245291852
0.23719889331498176
0.8209216353214078
0.23719889331498176
0.345109433745769
0.23719889331498176
0.23719889331498176
0.23719889331498176
0.345109433745769
0.23719889331498176
0.23719889331498176
0.23719889331498176
0.41084221256624814
0.23719889331498176
0.3005078990284801
0.23719889331498176
0.23719889331498176
0.23719889331498176
0.23719889331498176
0.23719889331498176
0.23719889331498176
0.23719889331498176
0.23719889331498176
0.23719889331498176
0.23719889331498176
0.23719889331498176
0.23719889331498176
0.23719889331498176
0.23719889331498176
0.23719889331498176
0.345109433745769
0.23719889331498176
0.23719889331498176
0.23719889331498176
0.23719889331498176
0.23719889331498176
0.5204970748600768
0.23719889331498176
0.23719889331498176
0.23719889331498176
0.23719889331498176
0.23719889331498176
0.23719889331498176
0.23719889331498176
0.23719889331498176
0.23719889331498176
0.41084221256624814
0.23719889331498176
0.23719889331498176
0.23719889331498176
0.38071424413685234
0.23719889331498176
0.23719889331498176
0.23719889331498176
0.482327872769022
0.23719889331498176
0.23719889331498176
0.23719889331498176
0.7116024921844321
0.23719889331498176
0.23719889331498176
0.23719889331498176
0.23719889331498176
0.23719889331498176
0.23719889331498176
0.23719889331498176
0.23719889331498176
0.23719889331498176
0.23719889331498176
0.23719889331498176
0.3005078990284801
0.23719889331498176
0.41084221256624814
0.23719889331498176
0.23719889331498176
0.23719889331498176
0.23719889331498176
0.23719889331498176
0.23719889331498176
0.23719889331498176
0.482327872769022
0.23719889331498176
0.23719889331498176
0.23719889331498176
0.7116024921844321
0.23719889331498176
0.38071424413685234
0.23719889331498176
0.5977495145785381
0.23719889331498176
0.5692562418856326
0.23719889331498176
0.23719889331498176
0.23719889331498176
0.23719889331498176
0.23719889331498176
0.23719889331498176
0.23719889331498176
0.3005078990284801
0.23719889331498176
0.23719889331498176
0.23719889331498176
0.23719889331498176
0.23719889331498176
0.23719889331498176
0.3005078990284801
0.23719889331498176
0.345109433745769
0.3005078990284801
0.23719889331498176
0.23719889331498176
0.23719889331498176
0.23719889331498176
0.23719889331498176
0.23719889331498176
0.23719889331498176
0.23719889331498176
0.23719889331498176
0.345109433745769
0.23719889331498176
0.23719889331498176
0.23719889331498176
0.5021124660230564
0.23719889331498176
0.6238379756258212
0.23719889331498176
0.5377071975780173
0.23719889331498176
0.345109433745769
0.23719889331498176
0.23719889331498176
0.23719889331498176
0.23719889331498176
0.23719889331498176
0.4372200452560002
0.23719889331498176
0.23719889331498176
0.3005078990284801
0.23719889331498176
0.23719889331498176
0.23719889331498176
0.23719889331498176
0.23719889331498176
0.23719889331498176
0.41084221256624814
0.23719889331498176
0.23719889331498176
0.23719889331498176
0.23719889331498176
0.23719889331498176
0.23719889331498176
0.23719889331498176
0.5977495145785381
0.23719889331498176
0.23719889331498176
0.23719889331498176
0.23719889331498176
0.23719889331498176
0.23719889331498176
0.23719889331498176
0.23719889331498176
0.23719889331498176
0.3005078990284801
0.23719889331498176
0.23719889331498176
0.23719889331498176
0.23719889331498176
0.23719889331498176
0.38071424413685234
0.23719889331498176
0.41084221256624814
0.23719889331498176
0.23719889331498176
0.23719889331498176
0.38071424413685234
0.23719889331498176
0.41084221256624814
0.23719889331498176
0.3005078990284801
0.3005078990284801
0.38071424413685234
0.23719889331498176
0.23719889331498176
0.23719889331498176
0.345109433745769
0.23719889331498176
0.23719889331498176
0.23719889331498176
0.23719889331498176
0.23719889331498176
0.345109433745769
0.23719889331498176
0.23719889331498176
0.23719889331498176
0.46083916536016406
0.23719889331498176
0.23719889331498176
0.23719889331498176
0.23719889331498176
0.23719889331498176
0.23719889331498176
0.23719889331498176
0.3005078990284801
0.23719889331498176
0.23719889331498176
0.23719889331498176
0.23719889331498176
0.23719889331498176
0.41084221256624814
0.23719889331498176
0.23719889331498176
0.23719889331498176
0.23719889331498176
0.23719889331498176
0.8562974416267857
0.23719889331498176
0.23719889331498176
0.23719889331498176
0.46083916536016406
0.23719889331498176
0.23719889331498176
0.23719889331498176
0.4372200452560002
0.23719889331498176
0.7211922234002047
0.23719889331498176
0.4372200452560002
0.23719889331498176
0.46083916536016406
0.23719889331498176
0.345109433745769
0.23719889331498176
0.23719889331498176
0.23719889331498176
0.41084221256624814
0.23719889331498176
0.3005078990284801
0.23719889331498176
0.23719889331498176
0.23719889331498176
0.23719889331498176
0.23719889331498176
0.345109433745769
0.23719889331498176
0.23719889331498176
0.23719889331498176
0.23719889331498176
0.23719889331498176
0.23719889331498176
0.23719889331498176
0.3005078990284801
0.23719889331498176
0.8762363701433276
0.23719889331498176
0.23719889331498176
0.23719889331498176
0.23719889331498176
0.23719889331498176
0.23719889331498176
0.3005078990284801
0.23719889331498176
0.23719889331498176
0.38071424413685234
0.23719889331498176
0.23719889331498176
0.23719889331498176
0.23719889331498176
0.23719889331498176
0.23719889331498176
0.23719889331498176
0.23719889331498176
0.23719889331498176
0.23719889331498176
0.23719889331498176
0.482327872769022
0.23719889331498176
0.23719889331498176
0.23719889331498176
0.23719889331498176
0.23719889331498176
0.3005078990284801
0.23719889331498176
0.3005078990284801
0.23719889331498176
0.23719889331498176
0.23719889331498176
0.23719889331498176
0.23719889331498176
0.23719889331498176
0.23719889331498176
0.3005078990284801
0.23719889331498176
0.23719889331498176
0.23719889331498176
0.8494479797886229
0.23719889331498176
0.23719889331498176
0.23719889331498176
0.38071424413685234
0.23719889331498176
0.41084221256624814
0.23719889331498176
0.23719889331498176
0.23719889331498176
0.3005078990284801
0.23719889331498176
0.6361275979489042
0.23719889331498176
0.23719889331498176
0.23719889331498176
0.345109433745769
0.23719889331498176
0.23719889331498176
0.23719889331498176
0.3005078990284801
0.23719889331498176
0.23719889331498176
0.23719889331498176
0.3005078990284801
0.23719889331498176
0.38071424413685234
0.23719889331498176
