2.3379187539098596
1.9326367161270315
1.7890978686186243
1.4298968510068453
1.3976270312514583
0.8321033017902069
1.187236873924671
0.6503026376264693
1.1684428673801375
1.4382535718197198
1.413951368162306
0.6758413974804514
1.185694009830119
1.81198791585768
1.1008078034039999
0.24412804221654566
0.9079946891800632
1.228859476320932
0.9680233315811226
1.0019606621388506
0.5097757329536861
0.8888557148217987
0.9237629585145612
0.7173659724470922
0.6758413974804514
0.3294296772297307
1.0212377880013799
0.5853821714718137
0.42633501452933376
0.24412804221654566
0.8860514542041248
0.4132507518077703
0.8288889346323883
1.1407030403628569
0.24412804221654566
1.0517958614533796
0.5919086505128336
0.6555755116981302
0.6225144374666196
1.7737213927609201
0.7343285659321285
0.45027566289180343
0.7622096770256601
0.5348129736148844
0.43864141578224053
0.6282762882799983
0.48191502085373744
0.24412804221654566
0.5576461456329607
0.4132507518077703
0.5648451523115741
0.36775064583779066
0.3841665358805055
0.9263377371853584
1.0576925853268258
0.5576461456329607
0.5576461456329607
1.045830316983801
0.7952308236059729
0.2787454399810626
0.5648451523115741
0.633931414274859
0.1946107098373354
0.3294296772297307
0.2787454399810626
0.3841665358805055
0.5787024317100252
0.7845399612513522
0.5267377918874888
1.3056305384764744
0.8223821100583164
0.809040831482822
0.4915653488815915
0.3841665358805055
0.6555755116981302
0.5426447746853568
0.7216838494938094
1.3365477608374803
0.7622096770256601
0.5853821714718137
0.36775064583779066
0.4718497784575884
0.46132222254001776
0.8803874842360037
0.746540464468683
0.24412804221654566
0.2787454399810626
0.2787454399810626
0.4132507518077703
0.24412804221654566
0.39925356818841357
0.39925356818841357
0.43864141578224053
0.34967026530166506
0.4718497784575884
1.1150188273492658
0.6658670994058765
0.8384564810455072
0.6658670994058765
1.2744617776375682
0.9389960326533259
0.1946107098373354
0.633931414274859
0.2787454399810626
0.24412804221654566
0.24412804221654566
0.46132222254001776
0.24412804221654566
0.3062447130802753
0.8971611145712564
0.7698017049277743
1.0749888138074037
0.46132222254001776
0.24412804221654566
0.5097757329536861
0.8916418881120937
0.5787024317100252
0.39925356818841357
0.3294296772297307
0.8288889346323883
0.48191502085373744
1.2513968815558003
0.7660250443691743
0.24412804221654566
0.1946107098373354
0.4718497784575884
0.5267377918874888
0.6045349233559917
0.8288889346323883
0.3062447130802753
0.5787024317100252
0.24412804221654566
0.3294296772297307
0.48191502085373744
0.3841665358805055
0.5982903234330512
0.39925356818841357
0.1946107098373354
0.45027566289180343
0.39925356818841357
0.1946107098373354
0.1946107098373354
0.4132507518077703
0.48191502085373744
0.2787454399810626
0.70408046693819
0.39925356818841357
0.2787454399810626
0.4718497784575884
0.1946107098373354
0.42633501452933376
0.3294296772297307
0.4132507518077703
0.46132222254001776
0.6995353025368799
0.2787454399810626
0.24412804221654566
0.9561485920600746
0.5853821714718137
0.39925356818841357
0.3294296772297307
0.3294296772297307
0.5787024317100252
0.24412804221654566
0.5183995118648497
0.6394845985583707
0.6708923897854402
0.34967026530166506
0.2787454399810626
0.1946107098373354
0.6758413974804514
0.4132507518077703
0.46132222254001776
0.1946107098373354
0.36775064583779066
0.6503026376264693
0.5576461456329607
0.36775064583779066
0.1946107098373354
0.5097757329536861
0.5576461456329607
0.2787454399810626
0.3841665358805055
0.36775064583779066
0.7129939447589206
0.3062447130802753
0.6758413974804514
0.24412804221654566
0.39925356818841357
0.9237629585145612
0.3294296772297307
0.8629291538315146
0.3841665358805055
0.8629291538315146
0.7085660460546581
0.4915653488815915
0.34967026530166506
1.41071752002691
0.2787454399810626
0.1946107098373354
0.5097757329536861
0.3841665358805055
0.1946107098373354
0.8629291538315146
0.2787454399810626
0.3062447130802753
0.2787454399810626
0.1946107098373354
0.36775064583779066
0.1946107098373354
0.3062447130802753
0.5648451523115741
0.3841665358805055
0.5426447746853568
0.2787454399810626
0.4915653488815915
0.2787454399810626
0.1946107098373354
0.36775064583779066
0.5097757329536861
0.3294296772297307
0.42633501452933376
0.3841665358805055
0.70408046693819
0.24412804221654566
0.5787024317100252
0.39925356818841357
0.6555755116981302
0.1946107098373354
0.24412804221654566
0.1946107098373354
0.2787454399810626
0.5787024317100252
0.3062447130802753
0.4132507518077703
0.70408046693819
0.5426447746853568
0.1946107098373354
0.34967026530166506
0.1946107098373354
0.5348129736148844
0.1946107098373354
0.3294296772297307
0.2787454399810626
0.2787454399810626
0.7772427149539931
0.24412804221654566
0.42633501452933376
0.48191502085373744
0.1946107098373354
0.42633501452933376
0.809040831482822
0.34967026530166506
0.5426447746853568
0.39925356818841357
0.3062447130802753
0.34967026530166506
0.36775064583779066
0.3294296772297307
0.5919086505128336
0.36775064583779066
0.36775064583779066
0.34967026530166506
0.34967026530166506
0.24412804221654566
1.1440388538563466
0.4718497784575884
0.2787454399810626
0.5183995118648497
0.571860159298067
0.46132222254001776
0.36775064583779066
0.1946107098373354
0.3062447130802753
0.6282762882799983
0.24412804221654566
0.42633501452933376
0.24412804221654566
0.1946107098373354
0.1946107098373354
0.36775064583779066
0.2787454399810626
0.3294296772297307
0.3841665358805055
0.1946107098373354
0.802196976744896
0.42633501452933376
0.42633501452933376
0.3294296772297307
0.34967026530166506
0.1946107098373354
0.3841665358805055
0.4132507518077703
0.24412804221654566
0.45027566289180343
0.1946107098373354
0.3062447130802753
0.7129939447589206
0.42633501452933376
0.3841665358805055
0.5183995118648497
0.2787454399810626
0.3841665358805055
0.2787454399810626
0.24412804221654566
0.5576461456329607
0.42633501452933376
0.7660250443691743
0.685521663606619
0.24412804221654566
0.4132507518077703
0.4915653488815915
0.43864141578224053
0.2787454399810626
0.46132222254001776
0.6902580779528452
0.6449402906471556
0.34967026530166506
0.1946107098373354
0.3841665358805055
0.24412804221654566
0.24412804221654566
0.1946107098373354
0.1946107098373354
0.1946107098373354
0.24412804221654566
0.39925356818841357
0.43864141578224053
0.24412804221654566
0.5183995118648497
0.3841665358805055
0.5648451523115741
0.34967026530166506
0.39925356818841357
0.24412804221654566
0.3294296772297307
0.43864141578224053
0.3294296772297307
0.3841665358805055
1.0316314793274146
0.5348129736148844
0.5097757329536861
0.43864141578224053
0.1946107098373354
0.24412804221654566
0.43864141578224053
0.3062447130802753
0.6503026376264693
0.1946107098373354
0.7425156618642244
0.3294296772297307
0.36775064583779066
0.24412804221654566
0.1946107098373354
0.36775064583779066
1.4203737969093402
0.39925356818841357
0.5097757329536861
0.1946107098373354
0.5426447746853568
0.2787454399810626
1.1763488587706639
0.36775064583779066
1.1373470324798944
0.24412804221654566
0.1946107098373354
0.3294296772297307
0.1946107098373354
0.36775064583779066
0.42633501452933376
0.3294296772297307
0.7881367904010832
0.4132507518077703
0.2787454399810626
0.24412804221654566
0.5502506524924474
0.1946107098373354
0.4915653488815915
0.24412804221654566
0.24412804221654566
0.36775064583779066
0.24412804221654566
0.1946107098373354
0.45027566289180343
0.3841665358805055
0.9211733274830372
0.1946107098373354
0.46132222254001776
0.2787454399810626
0.3294296772297307
0.3062447130802753
0.24412804221654566
0.2787454399810626
0.34967026530166506
0.4718497784575884
0.8746475254972854
0.3841665358805055
0.3062447130802753
0.3062447130802753
0.6503026376264693
0.3841665358805055
0.3294296772297307
0.3841665358805055
0.2787454399810626
0.2787454399810626
0.46132222254001776
0.3841665358805055
0.2787454399810626
0.3062447130802753
0.5648451523115741
0.1946107098373354
0.633931414274859
0.1946107098373354
0.6106495439210047
0.6106495439210047
0.24412804221654566
0.3294296772297307
0.694928545439007
0.24412804221654566
0.7259492131620552
0.4132507518077703
0.1946107098373354
0.24412804221654566
0.24412804221654566
0.3294296772297307
0.7660250443691743
0.2787454399810626
0.5576461456329607
0.24412804221654566
0.43864141578224053
0.1946107098373354
0.1946107098373354
0.24412804221654566
0.5919086505128336
0.3294296772297307
0.6166407097752317
0.42633501452933376
0.6282762882799983
0.1946107098373354
0.5982903234330512
0.1946107098373354
0.6106495439210047
0.694928545439007
0.1946107098373354
0.24412804221654566
0.3062447130802753
0.1946107098373354
0.48191502085373744
0.1946107098373354
0.3294296772297307
0.3062447130802753
0.2787454399810626
0.6503026376264693
0.1946107098373354
0.2787454399810626
0.48191502085373744
0.1946107098373354
0.24412804221654566
0.24412804221654566
0.34967026530166506
0.2787454399810626
0.1946107098373354
0.24412804221654566
0.4132507518077703
0.24412804221654566
0.3294296772297307
0.24412804221654566
0.1946107098373354
0.2787454399810626
0.1946107098373354
0.24412804221654566
0.5097757329536861
0.43864141578224053
0.3841665358805055
0.1946107098373354
0.24412804221654566
0.2787454399810626
0.1946107098373354
0.43864141578224053
0.4718497784575884
0.46132222254001776
1.4020185022651959
0.6166407097752317
0.1946107098373354
0.24412804221654566
0.1946107098373354
0.34967026530166506
0.4132507518077703
0.2787454399810626
0.2787454399810626
0.24412804221654566
0.5183995118648497
0.34967026530166506
0.24412804221654566
0.1946107098373354
0.39925356818841357
0.1946107098373354
0.1946107098373354
0.3062447130802753
0.45027566289180343
0.1946107098373354
0.6106495439210047
0.5097757329536861
0.6449402906471556
0.1946107098373354
0.5426447746853568
0.2787454399810626
0.1946107098373354
0.2787454399810626
0.1946107098373354
0.46132222254001776
0.5787024317100252
0.24412804221654566
0.24412804221654566
0.45027566289180343
0.1946107098373354
0.3841665358805055
0.3841665358805055
0.24412804221654566
0.2787454399810626
0.1946107098373354
0.34967026530166506
0.3294296772297307
0.4132507518077703
0.42633501452933376
0.2787454399810626
0.1946107098373354
0.3062447130802753
0.36775064583779066
0.2787454399810626
0.36775064583779066
0.1946107098373354
0.1946107098373354
0.2787454399810626
0.2787454399810626
0.24412804221654566
0.36775064583779066
0.1946107098373354
0.36775064583779066
0.1946107098373354
0.3294296772297307
0.1946107098373354
0.2787454399810626
0.1946107098373354
0.34967026530166506
0.3841665358805055
0.1946107098373354
0.9633095484973438
0.24412804221654566
0.1946107098373354
0.34967026530166506
0.24412804221654566
0.1946107098373354
0.1946107098373354
0.2787454399810626
0.3062447130802753
0.34967026530166506
0.45027566289180343
0.45027566289180343
0.5853821714718137
0.34967026530166506
0.6045349233559917
0.5008408428872008
0.5426447746853568
0.1946107098373354
0.1946107098373354
0.42633501452933376
0.2787454399810626
0.3062447130802753
0.24412804221654566
0.1946107098373354
0.45027566289180343
0.24412804221654566
0.3841665358805055
0.1946107098373354
0.8539205959781474
0.3841665358805055
0.2787454399810626
0.1946107098373354
0.36775064583779066
0.45027566289180343
0.3841665358805055
0.3062447130802753
0.45027566289180343
0.1946107098373354
0.24412804221654566
0.1946107098373354
0.5853821714718137
0.34967026530166506
0.8717482476695095
0.4132507518077703
0.6106495439210047
0.3062447130802753
0.24412804221654566
0.1946107098373354
0.2787454399810626
0.1946107098373354
0.6394845985583707
0.36775064583779066
0.34967026530166506
0.1946107098373354
0.24412804221654566
0.1946107098373354
1.033684540396172
0.3294296772297307
0.24412804221654566
0.1946107098373354
0.9975717381610033
0.24412804221654566
0.4132507518077703
0.3062447130802753
0.6995353025368799
0.24412804221654566
0.3062447130802753
0.5787024317100252
0.5787024317100252
0.1946107098373354
0.24412804221654566
0.4718497784575884
0.48191502085373744
0.1946107098373354
0.34967026530166506
0.1946107098373354
0.5348129736148844
0.3841665358805055
0.2787454399810626
0.36775064583779066
0.3294296772297307
0.36775064583779066
0.5183995118648497
0.1946107098373354
0.43864141578224053
0.6282762882799983
0.4915653488815915
0.24412804221654566
0.8599478506254684
0.1946107098373354
0.24412804221654566
0.1946107098373354
0.6045349233559917
0.4915653488815915
0.1946107098373354
0.3062447130802753
0.3062447130802753
0.3841665358805055
0.4718497784575884
0.46132222254001776
0.24412804221654566
0.1946107098373354
0.36775064583779066
0.1946107098373354
0.36775064583779066
0.24412804221654566
0.1946107098373354
0.3294296772297307
0.1946107098373354
0.42633501452933376
0.43864141578224053
0.5502506524924474
0.1946107098373354
0.34967026530166506
0.5097757329536861
0.24412804221654566
0.34967026530166506
0.1946107098373354
0.6449402906471556
0.1946107098373354
0.4132507518077703
0.24412804221654566
0.2787454399810626
0.39925356818841357
0.24412804221654566
0.1946107098373354
0.2787454399810626
0.1946107098373354
0.2787454399810626
0.24412804221654566
0.1946107098373354
0.3062447130802753
0.42633501452933376
0.2787454399810626
0.1946107098373354
0.3294296772297307
0.685521663606619
0.36775064583779066
0.1946107098373354
0.24412804221654566
0.43864141578224053
0.45027566289180343
0.24412804221654566
0.1946107098373354
0.1946107098373354
0.1946107098373354
0.3294296772297307
0.1946107098373354
0.1946107098373354
0.2787454399810626
0.6106495439210047
0.34967026530166506
0.1946107098373354
0.1946107098373354
0.3841665358805055
0.1946107098373354
0.36775064583779066
0.1946107098373354
0.5426447746853568
0.24412804221654566
0.1946107098373354
0.3294296772297307
0.1946107098373354
0.1946107098373354
0.2787454399810626
0.36775064583779066
0.1946107098373354
0.1946107098373354
0.1946107098373354
0.1946107098373354
0.1946107098373354
0.3294296772297307
0.1946107098373354
0.3062447130802753
0.4132507518077703
0.1946107098373354
0.1946107098373354
0.2787454399810626
0.45027566289180343
0.3062447130802753
0.3841665358805055
0.3062447130802753
0.3841665358805055
0.1946107098373354
0.39925356818841357
0.1946107098373354
0.1946107098373354
0.3062447130802753
0.36775064583779066
0.3294296772297307
0.2787454399810626
0.1946107098373354
0.1946107098373354
0.3294296772297307
0.2787454399810626
0.3294296772297307
0.1946107098373354
0.24412804221654566
0.3294296772297307
0.1946107098373354
0.1946107098373354
0.2787454399810626
0.3294296772297307
0.4132507518077703
1.1079601978901275
0.3062447130802753
0.39925356818841357
0.1946107098373354
0.1946107098373354
0.3294296772297307
0.1946107098373354
0.48191502085373744
0.6449402906471556
0.1946107098373354
0.3294296772297307
0.24412804221654566
0.4132507518077703
0.24412804221654566
0.4132507518077703
0.1946107098373354
0.6282762882799983
0.2787454399810626
0.1946107098373354
0.5648451523115741
0.3841665358805055
0.2787454399810626
0.2787454399810626
0.1946107098373354
0.34967026530166506
0.24412804221654566
0.5919086505128336
0.1946107098373354
0.24412804221654566
0.24412804221654566
0.6106495439210047
0.3294296772297307
0.3062447130802753
0.24412804221654566
0.1946107098373354
0.1946107098373354
0.1946107098373354
0.1946107098373354
0.2787454399810626
0.42633501452933376
0.3841665358805055
0.1946107098373354
0.24412804221654566
0.1946107098373354
0.2787454399810626
0.1946107098373354
0.1946107098373354
0.1946107098373354
0.4718497784575884
0.3062447130802753
0.7173659724470922
0.4132507518077703
0.43864141578224053
0.34967026530166506
0.39925356818841357
0.3294296772297307
0.1946107098373354
0.3294296772297307
0.1946107098373354
0.24412804221654566
0.1946107098373354
0.3294296772297307
1.043826160223968
0.36775064583779066
0.3841665358805055
0.24412804221654566
0.3062447130802753
0.24412804221654566
0.1946107098373354
0.1946107098373354
0.42633501452933376
0.24412804221654566
0.6607625346130312
0.2787454399810626
0.1946107098373354
0.1946107098373354
0.3062447130802753
0.2787454399810626
0.2787454399810626
0.34967026530166506
0.1946107098373354
0.42633501452933376
0.6503026376264693
0.2787454399810626
0.2787454399810626
0.1946107098373354
0.36775064583779066
0.1946107098373354
0.3841665358805055
0.3294296772297307
1.250012653179789
0.5008408428872008
0.34967026530166506
0.3294296772297307
0.34967026530166506
0.1946107098373354
0.1946107098373354
0.2787454399810626
0.1946107098373354
0.3062447130802753
0.4718497784575884
0.24412804221654566
0.1946107098373354
0.24412804221654566
0.5853821714718137
0.24412804221654566
0.1946107098373354
0.1946107098373354
0.45027566289180343
0.24412804221654566
0.1946107098373354
0.24412804221654566
0.6503026376264693
0.42633501452933376
0.1946107098373354
0.1946107098373354
0.4132507518077703
0.3294296772297307
0.2787454399810626
0.24412804221654566
0.633931414274859
0.39925356818841357
0.5348129736148844
0.3294296772297307
0.36775064583779066
0.24412804221654566
0.1946107098373354
0.3294296772297307
0.24412804221654566
0.3294296772297307
0.39925356818841357
0.1946107098373354
0.1946107098373354
0.3062447130802753
0.34967026530166506
0.3062447130802753
0.8569451269210864
0.1946107098373354
0.39925356818841357
0.24412804221654566
0.3062447130802753
0.1946107098373354
0.46132222254001776
0.1946107098373354
0.685521663606619
0.2787454399810626
0.1946107098373354
0.1946107098373354
0.3062447130802753
0.36775064583779066
0.4132507518077703
0.3062447130802753
0.2787454399810626
0.24412804221654566
0.3294296772297307
0.34967026530166506
0.1946107098373354
0.1946107098373354
0.1946107098373354
0.24412804221654566
0.1946107098373354
0.1946107098373354
0.24412804221654566
0.24412804221654566
0.1946107098373354
0.43864141578224053
0.5097757329536861
0.3062447130802753
0.3062447130802753
0.3062447130802753
0.1946107098373354
0.1946107098373354
0.24412804221654566
0.3294296772297307
0.7583546014183143
0.2787454399810626
0.1946107098373354
0.1946107098373354
0.24412804221654566
0.24412804221654566
0.36775064583779066
0.1946107098373354
0.3841665358805055
0.2787454399810626
0.1946107098373354
0.3062447130802753
0.24412804221654566
0.1946107098373354
0.4718497784575884
0.42633501452933376
0.24412804221654566
0.2787454399810626
0.3294296772297307
0.2787454399810626
0.42633501452933376
0.24412804221654566
0.1946107098373354
0.1946107098373354
0.1946107098373354
0.1946107098373354
0.1946107098373354
0.24412804221654566
0.3062447130802753
0.2787454399810626
0.24412804221654566
0.1946107098373354
0.3294296772297307
0.24412804221654566
0.5183995118648497
0.3294296772297307
0.1946107098373354
0.6166407097752317
0.3062447130802753
0.3062447130802753
0.48191502085373744
0.24412804221654566
0.1946107098373354
0.34967026530166506
0.1946107098373354
0.24412804221654566
0.24412804221654566
0.1946107098373354
0.1946107098373354
0.1946107098373354
0.1946107098373354
0.2787454399810626
0.1946107098373354
0.1946107098373354
0.2787454399810626
0.24412804221654566
0.1946107098373354
0.34967026530166506
0.1946107098373354
0.24412804221654566
0.43864141578224053
0.2787454399810626
0.6045349233559917
0.1946107098373354
0.1946107098373354
0.24412804221654566
0.1946107098373354
0.3294296772297307
0.4718497784575884
0.39925356818841357
0.3062447130802753
0.1946107098373354
0.5853821714718137
0.1946107098373354
0.24412804221654566
0.1946107098373354
0.3294296772297307
0.1946107098373354
0.6282762882799983
0.24412804221654566
0.24412804221654566
0.1946107098373354
0.2787454399810626
0.36775064583779066
0.1946107098373354
0.1946107098373354
0.913313146734546
0.3062447130802753
0.24412804221654566
0.1946107098373354
0.5267377918874888
0.24412804221654566
0.5008408428872008
0.24412804221654566
0.8384564810455072
0.34967026530166506
0.1946107098373354
0.24412804221654566
0.36775064583779066
0.1946107098373354
0.6282762882799983
0.3062447130802753
0.1946107098373354
0.24412804221654566
0.5008408428872008
0.24412804221654566
0.6394845985583707
0.24412804221654566
0.1946107098373354
0.24412804221654566
0.48191502085373744
0.4132507518077703
0.2787454399810626
0.24412804221654566
0.1946107098373354
0.1946107098373354
0.6166407097752317
0.2787454399810626
0.7085660460546581
0.3062447130802753
0.1946107098373354
0.1946107098373354
0.1946107098373354
0.3062447130802753
0.1946107098373354
0.34967026530166506
0.1946107098373354
0.2787454399810626
0.1946107098373354
0.1946107098373354
0.36775064583779066
0.1946107098373354
0.1946107098373354
0.24412804221654566
0.24412804221654566
0.3062447130802753
0.1946107098373354
0.1946107098373354
0.24412804221654566
0.1946107098373354
0.3294296772297307
0.1946107098373354
0.3294296772297307
0.1946107098373354
0.1946107098373354
0.24412804221654566
0.39925356818841357
0.1946107098373354
0.1946107098373354
0.1946107098373354
0.694928545439007
0.3062447130802753
0.1946107098373354
0.1946107098373354
0.1946107098373354
0.34967026530166506
0.24412804221654566
0.34967026530166506
0.24412804221654566
0.3294296772297307
0.4132507518077703
0.1946107098373354
0.6658670994058765
0.3062447130802753
0.1946107098373354
0.2787454399810626
0.39925356818841357
0.1946107098373354
0.3062447130802753
0.3062447130802753
0.3841665358805055
0.2787454399810626
0.746540464468683
0.5502506524924474
0.3294296772297307
0.1946107098373354
0.5348129736148844
0.1946107098373354
0.5348129736148844
0.4718497784575884
0.3841665358805055
0.2787454399810626
0.2787454399810626
0.1946107098373354
0.1946107098373354
0.1946107098373354
0.43864141578224053
0.2787454399810626
0.45027566289180343
0.34967026530166506
0.1946107098373354
0.2787454399810626
0.39925356818841357
0.1946107098373354
0.3294296772297307
0.2787454399810626
0.24412804221654566
0.24412804221654566
0.6503026376264693
0.3294296772297307
0.34967026530166506
0.24412804221654566
0.1946107098373354
0.3841665358805055
0.1946107098373354
0.1946107098373354
0.1946107098373354
0.24412804221654566
0.1946107098373354
0.1946107098373354
0.1946107098373354
0.2787454399810626
0.1946107098373354
0.2787454399810626
0.2787454399810626
0.24412804221654566
0.45027566289180343
0.39925356818841357
0.24412804221654566
0.1946107098373354
0.2787454399810626
0.24412804221654566
0.24412804221654566
0.2787454399810626
0.1946107098373354
0.2787454399810626
0.1946107098373354
0.2787454399810626
0.4915653488815915
0.2787454399810626
0.3062447130802753
0.1946107098373354
0.46132222254001776
0.2787454399810626
0.1946107098373354
0.2787454399810626
0.1946107098373354
0.1946107098373354
0.24412804221654566
0.1946107098373354
0.1946107098373354
0.24412804221654566
0.1946107098373354
0.3841665358805055
0.1946107098373354
0.2787454399810626
0.24412804221654566
0.1946107098373354
0.36775064583779066
0.2787454399810626
0.5097757329536861
0.2787454399810626
0.5267377918874888
0.1946107098373354
0.2787454399810626
0.24412804221654566
0.45027566289180343
0.1946107098373354
0.3062447130802753
0.5267377918874888
0.1946107098373354
0.24412804221654566
0.3062447130802753
0.1946107098373354
0.2787454399810626
0.3294296772297307
0.1946107098373354
0.1946107098373354
0.36775064583779066
0.24412804221654566
0.1946107098373354
0.2787454399810626
0.1946107098373354
0.2787454399810626
0.1946107098373354
0.1946107098373354
0.36775064583779066
0.1946107098373354
0.2787454399810626
0.34967026530166506
0.2787454399810626
0.1946107098373354
0.6807169377970166
0.3062447130802753
0.1946107098373354
0.2787454399810626
0.36775064583779066
0.1946107098373354
0.1946107098373354
0.1946107098373354
0.36775064583779066
0.1946107098373354
0.1946107098373354
0.1946107098373354
0.1946107098373354
0.1946107098373354
0.43864141578224053
0.3294296772297307
0.42633501452933376
0.2787454399810626
0.1946107098373354
0.1946107098373354
0.24412804221654566
0.24412804221654566
0.5008408428872008
0.1946107098373354
0.1946107098373354
0.1946107098373354
0.694928545439007
0.1946107098373354
0.1946107098373354
0.1946107098373354
0.1946107098373354
0.3841665358805055
0.24412804221654566
0.3062447130802753
0.1946107098373354
0.3062447130802753
0.3062447130802753
0.2787454399810626
0.1946107098373354
0.46132222254001776
0.4915653488815915
0.1946107098373354
0.24412804221654566
0.3294296772297307
0.24412804221654566
0.3062447130802753
0.42633501452933376
0.2787454399810626
0.1946107098373354
0.1946107098373354
0.24412804221654566
0.1946107098373354
0.24412804221654566
0.24412804221654566
0.7085660460546581
0.1946107098373354
0.34967026530166506
0.1946107098373354
0.4915653488815915
0.1946107098373354
0.3062447130802753
0.2787454399810626
0.24412804221654566
0.24412804221654566
0.3841665358805055
0.1946107098373354
0.1946107098373354
0.2787454399810626
0.1946107098373354
0.24412804221654566
0.3294296772297307
0.1946107098373354
0.1946107098373354
0.24412804221654566
0.1946107098373354
0.24412804221654566
0.42633501452933376
0.34967026530166506
0.1946107098373354
0.2787454399810626
0.24412804221654566
0.2787454399810626
0.2787454399810626
0.3062447130802753
0.3294296772297307
0.1946107098373354
0.7583546014183143
0.24412804221654566
0.6282762882799983
0.4132507518077703
0.1946107098373354
0.34967026530166506
0.24412804221654566
0.3294296772297307
0.24412804221654566
0.24412804221654566
0.2787454399810626
0.2787454399810626
0.39925356818841357
0.1946107098373354
0.4718497784575884
0.24412804221654566
0.3062447130802753
0.1946107098373354
0.1946107098373354
0.34967026530166506
0.1946107098373354
0.1946107098373354
0.1946107098373354
0.2787454399810626
0.1946107098373354
0.1946107098373354
0.4915653488815915
0.2787454399810626
0.36775064583779066
0.1946107098373354
0.1946107098373354
0.1946107098373354
0.39925356818841357
0.1946107098373354
0.34967026530166506
0.1946107098373354
0.1946107098373354
0.1946107098373354
0.3062447130802753
0.1946107098373354
0.1946107098373354
0.1946107098373354
0.1946107098373354
0.1946107098373354
0.3062447130802753
0.3062447130802753
0.1946107098373354
0.2787454399810626
0.2787454399810626
0.2787454399810626
0.1946107098373354
0.3294296772297307
0.34967026530166506
0.24412804221654566
0.36775064583779066
0.1946107098373354
0.1946107098373354
0.24412804221654566
0.43864141578224053
0.1946107098373354
0.1946107098373354
0.2787454399810626
0.2787454399810626
0.1946107098373354
0.1946107098373354
0.1946107098373354
0.6503026376264693
0.5008408428872008
0.1946107098373354
0.24412804221654566
0.1946107098373354
0.1946107098373354
0.1946107098373354
0.1946107098373354
0.1946107098373354
0.1946107098373354
0.24412804221654566
0.2787454399810626
0.2787454399810626
0.3062447130802753
0.6394845985583707
0.2787454399810626
0.4132507518077703
0.24412804221654566
0.2787454399810626
0.1946107098373354
0.24412804221654566
0.1946107098373354
0.2787454399810626
0.2787454399810626
0.24412804221654566
0.1946107098373354
0.1946107098373354
0.1946107098373354
0.34967026530166506
0.1946107098373354
0.24412804221654566
0.24412804221654566
0.24412804221654566
0.2787454399810626
0.3062447130802753
0.3062447130802753
0.42633501452933376
0.1946107098373354
0.1946107098373354
0.2787454399810626
0.1946107098373354
0.3294296772297307
0.3294296772297307
0.2787454399810626
0.39925356818841357
0.1946107098373354
0.1946107098373354
0.2787454399810626
0.1946107098373354
0.24412804221654566
0.1946107098373354
0.3062447130802753
0.1946107098373354
0.2787454399810626
0.1946107098373354
0.24412804221654566
0.1946107098373354
0.24412804221654566
0.34967026530166506
0.24412804221654566
0.1946107098373354
0.2787454399810626
0.5008408428872008
0.1946107098373354
0.1946107098373354
0.24412804221654566
0.46132222254001776
0.1946107098373354
0.3294296772297307
0.2787454399810626
0.1946107098373354
0.1946107098373354
0.5183995118648497
0.3062447130802753
0.1946107098373354
0.2787454399810626
0.1946107098373354
0.1946107098373354
0.24412804221654566
0.1946107098373354
0.1946107098373354
0.1946107098373354
0.1946107098373354
0.1946107098373354
0.24412804221654566
0.1946107098373354
0.4132507518077703
0.1946107098373354
0.1946107098373354
0.1946107098373354
0.1946107098373354
0.24412804221654566
0.7129939447589206
0.1946107098373354
0.1946107098373354
0.24412804221654566
0.2787454399810626
0.1946107098373354
0.1946107098373354
0.1946107098373354
0.2787454399810626
0.1946107098373354
0.1946107098373354
0.2787454399810626
0.1946107098373354
0.34967026530166506
0.1946107098373354
0.24412804221654566
0.34967026530166506
0.3062447130802753
0.3062447130802753
0.24412804221654566
0.2787454399810626
0.1946107098373354
0.1946107098373354
0.45027566289180343
0.24412804221654566
0.1946107098373354
0.24412804221654566
0.1946107098373354
0.3841665358805055
0.2787454399810626
0.1946107098373354
0.1946107098373354
0.24412804221654566
0.1946107098373354
0.1946107098373354
0.3294296772297307
0.2787454399810626
0.1946107098373354
0.3841665358805055
0.2787454399810626
0.5008408428872008
0.1946107098373354
0.1946107098373354
0.2787454399810626
0.24412804221654566
0.24412804221654566
0.571860159298067
0.1946107098373354
0.5502506524924474
0.24412804221654566
0.1946107098373354
0.24412804221654566
0.3294296772297307
0.39925356818841357
0.1946107098373354
0.1946107098373354
1.0418140541294942
0.24412804221654566
0.24412804221654566
0.1946107098373354
0.24412804221654566
0.1946107098373354
0.3062447130802753
0.1946107098373354
0.3062447130802753
0.1946107098373354
0.24412804221654566
0.24412804221654566
0.1946107098373354
0.24412804221654566
0.3841665358805055
0.2787454399810626
0.1946107098373354
0.1946107098373354
0.1946107098373354
0.2787454399810626
0.3841665358805055
0.24412804221654566
0.34967026530166506
0.1946107098373354
0.1946107098373354
0.3062447130802753
0.1946107098373354
0.1946107098373354
0.1946107098373354
0.24412804221654566
0.1946107098373354
0.3062447130802753
0.1946107098373354
0.1946107098373354
0.24412804221654566
0.24412804221654566
0.1946107098373354
0.1946107098373354
0.1946107098373354
0.1946107098373354
0.3062447130802753
0.24412804221654566
0.2787454399810626
0.1946107098373354
0.36775064583779066
0.1946107098373354
0.1946107098373354
0.1946107098373354
0.2787454399810626
0.1946107098373354
0.39925356818841357
0.2787454399810626
0.1946107098373354
0.3062447130802753
0.24412804221654566
0.1946107098373354
0.24412804221654566
0.1946107098373354
0.2787454399810626
0.1946107098373354
0.3062447130802753
0.1946107098373354
0.36775064583779066
0.24412804221654566
0.571860159298067
0.1946107098373354
0.1946107098373354
0.1946107098373354
0.24412804221654566
0.24412804221654566
0.24412804221654566
0.36775064583779066
0.1946107098373354
0.24412804221654566
0.1946107098373354
0.1946107098373354
0.1946107098373354
0.1946107098373354
0.5183995118648497
0.24412804221654566
0.1946107098373354
0.2787454399810626
0.46132222254001776
0.3062447130802753
0.1946107098373354
0.24412804221654566
0.1946107098373354
0.1946107098373354
0.1946107098373354
0.3294296772297307
0.1946107098373354
0.3062447130802753
0.5982903234330512
0.1946107098373354
0.24412804221654566
0.1946107098373354
0.1946107098373354
0.24412804221654566
0.24412804221654566
0.1946107098373354
0.2787454399810626
0.2787454399810626
0.2787454399810626
0.1946107098373354
0.1946107098373354
0.1946107098373354
0.1946107098373354
0.1946107098373354
0.8223821100583164
0.24412804221654566
0.34967026530166506
0.4132507518077703
0.1946107098373354
0.24412804221654566
0.1946107098373354
0.2787454399810626
0.3294296772297307
0.24412804221654566
0.1946107098373354
0.24412804221654566
0.36775064583779066
0.1946107098373354
0.5008408428872008
0.39925356818841357
0.1946107098373354
0.1946107098373354
0.1946107098373354
0.1946107098373354
0.36775064583779066
0.1946107098373354
0.3841665358805055
0.24412804221654566
0.3062447130802753
0.24412804221654566
0.918568629262057
0.1946107098373354
0.1946107098373354
0.1946107098373354
0.1946107098373354
0.1946107098373354
0.3294296772297307
0.1946107098373354
0.1946107098373354
0.1946107098373354
0.2787454399810626
0.24412804221654566
0.24412804221654566
0.1946107098373354
0.1946107098373354
0.2787454399810626
0.5787024317100252
0.3294296772297307
0.1946107098373354
0.1946107098373354
0.42633501452933376
0.1946107098373354
0.1946107098373354
0.1946107098373354
0.34967026530166506
0.3062447130802753
0.1946107098373354
0.24412804221654566
0.1946107098373354
0.1946107098373354
0.1946107098373354
0.24412804221654566
0.48191502085373744
0.3294296772297307
0.1946107098373354
0.1946107098373354
0.24412804221654566
0.1946107098373354
0.42633501452933376
0.3062447130802753
0.2787454399810626
0.1946107098373354
0.1946107098373354
0.1946107098373354
0.1946107098373354
0.1946107098373354
0.1946107098373354
0.24412804221654566
0.4915653488815915
0.1946107098373354
0.2787454399810626
0.1946107098373354
0.3841665358805055
0.1946107098373354
0.3062447130802753
0.1946107098373354
0.1946107098373354
0.1946107098373354
0.36775064583779066
0.24412804221654566
0.1946107098373354
0.1946107098373354
0.42633501452933376
0.1946107098373354
0.5853821714718137
0.3062447130802753
0.24412804221654566
0.1946107098373354
0.1946107098373354
0.1946107098373354
0.1946107098373354
0.24412804221654566
0.5267377918874888
0.24412804221654566
0.24412804221654566
0.1946107098373354
0.34967026530166506
0.24412804221654566
0.1946107098373354
0.1946107098373354
0.1946107098373354
0.1946107098373354
0.2787454399810626
0.1946107098373354
0.1946107098373354
0.2787454399810626
0.1946107098373354
0.2787454399810626
0.1946107098373354
0.24412804221654566
0.2787454399810626
0.2787454399810626
0.1946107098373354
0.2787454399810626
0.1946107098373354
0.1946107098373354
0.1946107098373354
0.24412804221654566
0.6995353025368799
0.2787454399810626
0.3062447130802753
0.24412804221654566
0.24412804221654566
0.24412804221654566
0.1946107098373354
0.24412804221654566
0.3062447130802753
0.1946107098373354
0.1946107098373354
0.1946107098373354
0.1946107098373354
0.3062447130802753
0.571860159298067
0.1946107098373354
0.39925356818841357
0.1946107098373354
0.1946107098373354
0.24412804221654566
0.1946107098373354
0.1946107098373354
0.1946107098373354
0.3062447130802753
0.2787454399810626
0.24412804221654566
0.2787454399810626
0.24412804221654566
0.1946107098373354
0.24412804221654566
0.24412804221654566
0.1946107098373354
0.36775064583779066
0.1946107098373354
0.1946107098373354
0.2787454399810626
0.1946107098373354
0.24412804221654566
0.43864141578224053
0.24412804221654566
0.46132222254001776
0.24412804221654566
0.1946107098373354
0.3062447130802753
0.1946107098373354
0.1946107098373354
0.1946107098373354
0.1946107098373354
0.1946107098373354
0.1946107098373354
0.1946107098373354
0.24412804221654566
0.24412804221654566
0.1946107098373354
0.3294296772297307
0.24412804221654566
0.1946107098373354
0.1946107098373354
0.24412804221654566
0.3294296772297307
0.1946107098373354
0.1946107098373354
0.1946107098373354
0.1946107098373354
0.3294296772297307
0.1946107098373354
0.6807169377970166
0.1946107098373354
0.1946107098373354
0.2787454399810626
0.3294296772297307
0.1946107098373354
0.3062447130802753
0.1946107098373354
0.24412804221654566
0.1946107098373354
0.5502506524924474
0.1946107098373354
0.2787454399810626
0.24412804221654566
0.1946107098373354
0.24412804221654566
0.1946107098373354
0.1946107098373354
0.1946107098373354
0.1946107098373354
0.1946107098373354
0.3294296772297307
0.3062447130802753
0.3294296772297307
0.1946107098373354
0.3294296772297307
0.1946107098373354
0.1946107098373354
0.5183995118648497
0.1946107098373354
0.7173659724470922
0.1946107098373354
0.1946107098373354
0.1946107098373354
0.45027566289180343
0.1946107098373354
0.48191502085373744
0.1946107098373354
0.7698017049277743
0.24412804221654566
0.3062447130802753
0.36775064583779066
0.1946107098373354
0.1946107098373354
0.1946107098373354
0.1946107098373354
0.1946107098373354
0.24412804221654566
0.24412804221654566
0.1946107098373354
0.1946107098373354
0.1946107098373354
0.24412804221654566
0.1946107098373354
0.36775064583779066
0.24412804221654566
0.1946107098373354
0.1946107098373354
0.1946107098373354
0.24412804221654566
0.1946107098373354
0.1946107098373354
0.1946107098373354
0.24412804221654566
0.1946107098373354
0.1946107098373354
0.24412804221654566
0.1946107098373354
0.1946107098373354
0.3062447130802753
0.1946107098373354
0.4915653488815915
0.1946107098373354
0.1946107098373354
0.1946107098373354
0.1946107098373354
0.1946107098373354
0.2787454399810626
0.1946107098373354
0.1946107098373354
0.1946107098373354
0.1946107098373354
0.1946107098373354
0.24412804221654566
0.1946107098373354
0.1946107098373354
0.2787454399810626
0.1946107098373354
0.1946107098373354
0.3294296772297307
0.45027566289180343
0.24412804221654566
0.1946107098373354
0.3294296772297307
0.1946107098373354
0.3062447130802753
0.1946107098373354
0.1946107098373354
0.1946107098373354
0.3062447130802753
0.1946107098373354
0.24412804221654566
0.3294296772297307
0.2787454399810626
0.1946107098373354
0.1946107098373354
0.24412804221654566
0.1946107098373354
0.3294296772297307
0.24412804221654566
0.1946107098373354
0.1946107098373354
0.1946107098373354
0.1946107098373354
0.1946107098373354
0.24412804221654566
0.1946107098373354
0.24412804221654566
0.24412804221654566
0.1946107098373354
0.2787454399810626
0.24412804221654566
0.1946107098373354
0.1946107098373354
0.1946107098373354
0.2787454399810626
0.1946107098373354
0.1946107098373354
0.1946107098373354
0.1946107098373354
0.39925356818841357
0.1946107098373354
0.2787454399810626
0.1946107098373354
0.3294296772297307
0.1946107098373354
0.46132222254001776
0.1946107098373354
0.5426447746853568
0.2787454399810626
0.1946107098373354
0.1946107098373354
0.39925356818841357
0.24412804221654566
0.1946107098373354
0.3841665358805055
0.1946107098373354
0.3062447130802753
0.1946107098373354
0.24412804221654566
0.24412804221654566
0.1946107098373354
0.39925356818841357
0.3294296772297307
0.24412804221654566
0.24412804221654566
0.24412804221654566
0.1946107098373354
0.1946107098373354
0.2787454399810626
0.1946107098373354
0.24412804221654566
0.3294296772297307
0.1946107098373354
0.1946107098373354
0.24412804221654566
0.1946107098373354
0.1946107098373354
0.1946107098373354
0.1946107098373354
0.2787454399810626
0.1946107098373354
0.3062447130802753
0.1946107098373354
0.2787454399810626
0.24412804221654566
0.24412804221654566
0.24412804221654566
0.42633501452933376
0.1946107098373354
0.1946107098373354
0.24412804221654566
0.24412804221654566
0.1946107098373354
0.2787454399810626
0.1946107098373354
0.1946107098373354
0.24412804221654566
0.24412804221654566
0.1946107098373354
0.1946107098373354
0.1946107098373354
0.3841665358805055
0.1946107098373354
0.24412804221654566
0.1946107098373354
0.46132222254001776
0.24412804221654566
0.2787454399810626
0.3062447130802753
0.24412804221654566
0.1946107098373354
0.1946107098373354
0.1946107098373354
0.5648451523115741
0.24412804221654566
0.3841665358805055
0.24412804221654566
0.4132507518077703
0.24412804221654566
0.1946107098373354
0.1946107098373354
0.1946107098373354
0.24412804221654566
0.24412804221654566
0.2787454399810626
0.1946107098373354
0.1946107098373354
0.1946107098373354
0.1946107098373354
0.24412804221654566
0.1946107098373354
0.24412804221654566
0.1946107098373354
0.3062447130802753
0.3062447130802753
0.1946107098373354
0.1946107098373354
0.5982903234330512
0.24412804221654566
0.24412804221654566
0.1946107098373354
0.3062447130802753
0.1946107098373354
0.571860159298067
0.1946107098373354
0.1946107098373354
0.1946107098373354
0.24412804221654566
0.1946107098373354
0.6902580779528452
0.1946107098373354
0.1946107098373354
0.1946107098373354
0.8223821100583164
0.1946107098373354
0.4718497784575884
0.1946107098373354
0.1946107098373354
0.1946107098373354
0.1946107098373354
0.24412804221654566
0.5267377918874888
0.1946107098373354
0.1946107098373354
0.1946107098373354
0.4132507518077703
0.42633501452933376
0.1946107098373354
0.1946107098373354
0.43864141578224053
0.1946107098373354
0.1946107098373354
0.1946107098373354
0.3841665358805055
0.1946107098373354
0.1946107098373354
0.24412804221654566
0.1946107098373354
0.1946107098373354
0.36775064583779066
0.1946107098373354
0.5576461456329607
0.1946107098373354
0.1946107098373354
0.1946107098373354
0.1946107098373354
0.24412804221654566
0.1946107098373354
0.1946107098373354
0.1946107098373354
0.1946107098373354
0.34967026530166506
0.1946107098373354
0.24412804221654566
0.1946107098373354
0.42633501452933376
0.2787454399810626
0.1946107098373354
0.1946107098373354
0.2787454399810626
0.3062447130802753
0.34967026530166506
0.1946107098373354
0.3841665358805055
0.2787454399810626
0.24412804221654566
0.24412804221654566
0.3294296772297307
0.36775064583779066
0.1946107098373354
0.1946107098373354
0.1946107098373354
0.1946107098373354
0.1946107098373354
0.1946107098373354
0.1946107098373354
0.1946107098373354
0.3841665358805055
0.1946107098373354
0.1946107098373354
0.1946107098373354
0.1946107098373354
0.1946107098373354
0.1946107098373354
0.24412804221654566
0.1946107098373354
0.24412804221654566
0.1946107098373354
0.1946107098373354
0.3841665358805055
0.2787454399810626
0.8775271618526547
0.3062447130802753
0.1946107098373354
0.24412804221654566
0.2787454399810626
0.24412804221654566
0.43864141578224053
0.24412804221654566
0.7301636230226778
0.24412804221654566
0.3841665358805055
0.1946107098373354
0.36775064583779066
0.1946107098373354
0.43864141578224053
0.24412804221654566
0.5267377918874888
0.24412804221654566
0.2787454399810626
0.1946107098373354
0.1946107098373354
0.24412804221654566
0.1946107098373354
0.24412804221654566
0.5267377918874888
0.2787454399810626
0.1946107098373354
0.1946107098373354
0.24412804221654566
0.1946107098373354
0.2787454399810626
0.24412804221654566
0.1946107098373354
0.1946107098373354
0.1946107098373354
0.1946107098373354
0.2787454399810626
0.5267377918874888
0.3062447130802753
0.1946107098373354
0.1946107098373354
0.1946107098373354
0.1946107098373354
0.1946107098373354
0.1946107098373354
0.1946107098373354
0.24412804221654566
0.1946107098373354
0.36775064583779066
0.1946107098373354
0.6394845985583707
0.3294296772297307
0.24412804221654566
0.43864141578224053
0.1946107098373354
0.1946107098373354
0.24412804221654566
0.1946107098373354
0.1946107098373354
0.1946107098373354
0.1946107098373354
0.1946107098373354
0.24412804221654566
0.2787454399810626
0.2787454399810626
0.1946107098373354
0.39925356818841357
0.2787454399810626
0.5348129736148844
0.1946107098373354
0.36775064583779066
0.1946107098373354
0.633931414274859
0.24412804221654566
0.1946107098373354
0.1946107098373354
0.1946107098373354
0.1946107098373354
0.1946107098373354
0.1946107098373354
0.1946107098373354
0.24412804221654566
0.1946107098373354
0.24412804221654566
0.6394845985583707
0.1946107098373354
0.1946107098373354
0.1946107098373354
0.45027566289180343
0.1946107098373354
0.1946107098373354
0.1946107098373354
0.24412804221654566
0.24412804221654566
0.1946107098373354
0.1946107098373354
0.2787454399810626
0.24412804221654566
0.1946107098373354
0.1946107098373354
0.1946107098373354
0.1946107098373354
0.1946107098373354
0.1946107098373354
0.34967026530166506
0.1946107098373354
0.1946107098373354
0.1946107098373354
0.1946107098373354
0.1946107098373354
0.48191502085373744
0.24412804221654566
0.3294296772297307
0.1946107098373354
0.1946107098373354
0.1946107098373354
0.1946107098373354
0.1946107098373354
0.48191502085373744
0.1946107098373354
0.24412804221654566
0.1946107098373354
0.1946107098373354
0.1946107098373354
0.5097757329536861
0.1946107098373354
0.6106495439210047
0.1946107098373354
0.3062447130802753
0.1946107098373354
0.1946107098373354
0.1946107098373354
0.1946107098373354
0.1946107098373354
0.1946107098373354
0.1946107098373354
0.24412804221654566
0.1946107098373354
0.2787454399810626
0.1946107098373354
0.1946107098373354
0.24412804221654566
0.1946107098373354
0.3841665358805055
0.1946107098373354
0.1946107098373354
0.24412804221654566
0.1946107098373354
0.1946107098373354
0.24412804221654566
0.24412804221654566
0.1946107098373354
0.1946107098373354
0.1946107098373354
0.1946107098373354
0.1946107098373354
0.4718497784575884
0.1946107098373354
0.1946107098373354
0.1946107098373354
0.7583546014183143
0.1946107098373354
0.3062447130802753
0.1946107098373354
0.24412804221654566
0.1946107098373354
0.3294296772297307
0.1946107098373354
0.1946107098373354
0.3062447130802753
0.2787454399810626
0.24412804221654566
0.2787454399810626
0.1946107098373354
0.1946107098373354
0.3294296772297307
0.24412804221654566
0.1946107098373354
0.1946107098373354
0.2787454399810626
0.1946107098373354
0.1946107098373354
0.1946107098373354
0.1946107098373354
0.3062447130802753
0.1946107098373354
0.24412804221654566
0.1946107098373354
0.1946107098373354
0.24412804221654566
0.1946107098373354
0.1946107098373354
0.3062447130802753
0.1946107098373354
0.1946107098373354
0.24412804221654566
0.4718497784575884
0.1946107098373354
0.1946107098373354
0.1946107098373354
0.24412804221654566
0.1946107098373354
0.24412804221654566
0.2787454399810626
0.1946107098373354
0.3062447130802753
0.1946107098373354
0.1946107098373354
0.3062447130802753
0.1946107098373354
0.1946107098373354
0.24412804221654566
0.24412804221654566
0.24412804221654566
0.1946107098373354
0.1946107098373354
0.1946107098373354
0.1946107098373354
0.1946107098373354
0.1946107098373354
0.1946107098373354
0.1946107098373354
0.2787454399810626
0.1946107098373354
0.1946107098373354
0.1946107098373354
0.34967026530166506
0.1946107098373354
0.1946107098373354
0.1946107098373354
0.4915653488815915
0.24412804221654566
0.6045349233559917
0.1946107098373354
0.4132507518077703
0.1946107098373354
0.1946107098373354
0.24412804221654566
0.1946107098373354
0.1946107098373354
0.3294296772297307
0.1946107098373354
0.1946107098373354
0.1946107098373354
0.1946107098373354
0.24412804221654566
0.4132507518077703
0.1946107098373354
0.1946107098373354
0.1946107098373354
0.24412804221654566
0.1946107098373354
0.6225144374666196
0.1946107098373354
0.1946107098373354
0.24412804221654566
0.2787454399810626
0.1946107098373354
0.34967026530166506
0.1946107098373354
0.5787024317100252
0.3294296772297307
0.1946107098373354
0.1946107098373354
0.1946107098373354
0.1946107098373354
0.1946107098373354
0.2787454399810626
0.24412804221654566
0.24412804221654566
0.1946107098373354
0.1946107098373354
0.1946107098373354
0.2787454399810626
0.1946107098373354
0.1946107098373354
0.1946107098373354
0.3062447130802753
0.1946107098373354
0.2787454399810626
0.39925356818841357
0.1946107098373354
0.24412804221654566
0.1946107098373354
0.1946107098373354
0.1946107098373354
0.1946107098373354
0.1946107098373354
0.1946107098373354
0.24412804221654566
0.1946107098373354
0.3062447130802753
0.43864141578224053
0.1946107098373354
0.1946107098373354
0.1946107098373354
0.2787454399810626
0.1946107098373354
0.1946107098373354
0.24412804221654566
0.1946107098373354
0.1946107098373354
0.1946107098373354
0.1946107098373354
0.1946107098373354
0.1946107098373354
0.1946107098373354
0.1946107098373354
0.24412804221654566
0.1946107098373354
0.1946107098373354
0.1946107098373354
0.1946107098373354
0.1946107098373354
0.1946107098373354
0.1946107098373354
0.1946107098373354
0.1946107098373354
0.1946107098373354
0.24412804221654566
0.1946107098373354
0.2787454399810626
0.1946107098373354
0.1946107098373354
0.1946107098373354
0.1946107098373354
0.24412804221654566
0.1946107098373354
0.1946107098373354
0.1946107098373354
0.24412804221654566
0.1946107098373354
0.4915653488815915
0.24412804221654566
0.1946107098373354
0.1946107098373354
0.1946107098373354
0.24412804221654566
0.1946107098373354
0.1946107098373354
0.1946107098373354
0.1946107098373354
0.2787454399810626
0.1946107098373354
0.2787454399810626
0.24412804221654566
0.1946107098373354
0.1946107098373354
0.34967026530166506
0.1946107098373354
0.1946107098373354
0.1946107098373354
0.24412804221654566
0.24412804221654566
0.1946107098373354
0.1946107098373354
0.1946107098373354
0.1946107098373354
0.1946107098373354
0.1946107098373354
0.1946107098373354
0.1946107098373354
0.1946107098373354
0.1946107098373354
0.3841665358805055
0.1946107098373354
0.24412804221654566
0.1946107098373354
0.1946107098373354
0.1946107098373354
0.24412804221654566
0.1946107098373354
0.1946107098373354
0.1946107098373354
0.3294296772297307
0.3062447130802753
0.1946107098373354
0.1946107098373354
0.1946107098373354
0.1946107098373354
0.24412804221654566
0.39925356818841357
0.1946107098373354
0.2787454399810626
0.5502506524924474
0.1946107098373354
0.34967026530166506
0.1946107098373354
0.3294296772297307
0.1946107098373354
0.1946107098373354
0.1946107098373354
0.5648451523115741
0.1946107098373354
0.1946107098373354
0.1946107098373354
0.8599478506254684
0.1946107098373354
0.1946107098373354
0.1946107098373354
0.24412804221654566
0.1946107098373354
0.36775064583779066
0.1946107098373354
0.3294296772297307
0.24412804221654566
0.1946107098373354
0.24412804221654566
0.2787454399810626
0.24412804221654566
0.1946107098373354
0.1946107098373354
0.1946107098373354
0.24412804221654566
0.8256487118190544
0.1946107098373354
0.1946107098373354
0.1946107098373354
0.1946107098373354
0.24412804221654566
0.24412804221654566
0.1946107098373354
0.2787454399810626
0.1946107098373354
0.1946107098373354
0.36775064583779066
0.3062447130802753
0.1946107098373354
0.1946107098373354
0.1946107098373354
0.1946107098373354
0.1946107098373354
0.2787454399810626
0.1946107098373354
0.5648451523115741
0.24412804221654566
0.1946107098373354
0.1946107098373354
0.24412804221654566
0.3294296772297307
0.24412804221654566
0.1946107098373354
0.1946107098373354
0.1946107098373354
0.1946107098373354
0.1946107098373354
0.6995353025368799
0.24412804221654566
0.42633501452933376
0.24412804221654566
0.1946107098373354
0.1946107098373354
0.24412804221654566
0.24412804221654566
0.1946107098373354
0.1946107098373354
0.1946107098373354
0.1946107098373354
0.1946107098373354
0.1946107098373354
0.1946107098373354
0.1946107098373354
0.2787454399810626
0.2787454399810626
0.1946107098373354
0.24412804221654566
0.24412804221654566
0.1946107098373354
0.24412804221654566
0.24412804221654566
0.24412804221654566
0.24412804221654566
0.1946107098373354
0.1946107098373354
0.1946107098373354
0.1946107098373354
0.24412804221654566
0.36775064583779066
0.1946107098373354
0.1946107098373354
0.1946107098373354
0.1946107098373354
0.1946107098373354
0.1946107098373354
0.1946107098373354
0.1946107098373354
0.1946107098373354
0.1946107098373354
0.36775064583779066
0.1946107098373354
0.1946107098373354
0.2787454399810626
0.4132507518077703
0.3062447130802753
0.42633501452933376
0.1946107098373354
0.1946107098373354
0.24412804221654566
0.4132507518077703
0.24412804221654566
0.7845399612513522
0.1946107098373354
0.1946107098373354
0.1946107098373354
0.1946107098373354
0.1946107098373354
0.3062447130802753
0.1946107098373354
0.34967026530166506
0.1946107098373354
0.1946107098373354
0.1946107098373354
0.1946107098373354
0.1946107098373354
0.24412804221654566
0.1946107098373354
0.1946107098373354
0.1946107098373354
0.1946107098373354
0.24412804221654566
0.1946107098373354
0.1946107098373354
0.1946107098373354
0.1946107098373354
0.1946107098373354
0.1946107098373354
0.6045349233559917
0.1946107098373354
0.1946107098373354
0.1946107098373354
0.1946107098373354
0.1946107098373354
0.1946107098373354
0.1946107098373354
0.3062447130802753
0.1946107098373354
0.2787454399810626
0.1946107098373354
0.2787454399810626
0.3062447130802753
0.1946107098373354
0.1946107098373354
0.1946107098373354
0.1946107098373354
0.1946107098373354
0.1946107098373354
0.1946107098373354
0.1946107098373354
0.1946107098373354
0.1946107098373354
0.3062447130802753
0.1946107098373354
0.4718497784575884
0.1946107098373354
0.1946107098373354
0.1946107098373354
0.24412804221654566
0.1946107098373354
0.3062447130802753
0.1946107098373354
0.1946107098373354
0.1946107098373354
0.3841665358805055
0.24412804221654566
0.1946107098373354
0.1946107098373354
0.2787454399810626
0.1946107098373354
0.43864141578224053
0.1946107098373354
0.1946107098373354
0.1946107098373354
0.1946107098373354
0.24412804221654566
0.1946107098373354
0.1946107098373354
0.1946107098373354
0.24412804221654566
0.2787454399810626
0.1946107098373354
0.24412804221654566
0.24412804221654566
0.24412804221654566
0.1946107098373354
0.1946107098373354
0.1946107098373354
0.4915653488815915
0.2787454399810626
0.2787454399810626
0.24412804221654566
0.4718497784575884
0.1946107098373354
0.24412804221654566
0.1946107098373354
0.1946107098373354
0.1946107098373354
0.3062447130802753
0.1946107098373354
0.1946107098373354
0.2787454399810626
0.2787454399810626
0.1946107098373354
0.2787454399810626
0.1946107098373354
0.3294296772297307
0.1946107098373354
0.36775064583779066
0.24412804221654566
0.36775064583779066
0.1946107098373354
0.46132222254001776
0.1946107098373354
0.1946107098373354
0.1946107098373354
0.633931414274859
0.1946107098373354
0.1946107098373354
0.1946107098373354
0.1946107098373354
0.3062447130802753
0.1946107098373354
0.1946107098373354
0.5502506524924474
0.3294296772297307
0.1946107098373354
0.1946107098373354
0.1946107098373354
0.1946107098373354
0.24412804221654566
0.1946107098373354
0.1946107098373354
0.1946107098373354
0.24412804221654566
0.3062447130802753
0.1946107098373354
0.1946107098373354
0.1946107098373354
0.1946107098373354
0.1946107098373354
0.1946107098373354
0.1946107098373354
0.24412804221654566
0.1946107098373354
0.1946107098373354
0.3294296772297307
0.24412804221654566
0.1946107098373354
0.1946107098373354
0.1946107098373354
0.1946107098373354
0.5787024317100252
0.1946107098373354
0.1946107098373354
0.1946107098373354
0.1946107098373354
0.1946107098373354
0.5648451523115741
0.24412804221654566
0.36775064583779066
0.1946107098373354
0.1946107098373354
0.2787454399810626
0.1946107098373354
0.1946107098373354
0.1946107098373354
0.1946107098373354
0.1946107098373354
0.1946107098373354
0.1946107098373354
0.1946107098373354
0.1946107098373354
0.1946107098373354
0.1946107098373354
0.1946107098373354
0.7085660460546581
0.24412804221654566
0.1946107098373354
0.1946107098373354
0.24412804221654566
0.34967026530166506
0.1946107098373354
0.1946107098373354
0.3062447130802753
0.1946107098373354
0.24412804221654566
0.1946107098373354
0.2787454399810626
0.1946107098373354
0.1946107098373354
0.24412804221654566
0.1946107098373354
0.1946107098373354
0.1946107098373354
0.1946107098373354
0.24412804221654566
0.1946107098373354
0.24412804221654566
0.1946107098373354
0.6449402906471556
0.1946107098373354
0.39925356818841357
0.1946107098373354
0.3294296772297307
0.1946107098373354
0.39925356818841357
0.1946107098373354
0.24412804221654566
0.1946107098373354
0.3062447130802753
0.1946107098373354
0.1946107098373354
0.24412804221654566
0.2787454399810626
0.24412804221654566
0.1946107098373354
0.1946107098373354
0.1946107098373354
0.1946107098373354
0.1946107098373354
0.24412804221654566
0.3294296772297307
0.1946107098373354
0.2787454399810626
0.24412804221654566
0.2787454399810626
0.2787454399810626
0.1946107098373354
0.1946107098373354
0.4718497784575884
0.34967026530166506
0.3294296772297307
0.1946107098373354
0.1946107098373354
0.1946107098373354
0.1946107098373354
0.1946107098373354
0.1946107098373354
0.1946107098373354
0.5787024317100252
0.1946107098373354
0.2787454399810626
0.1946107098373354
0.1946107098373354
0.1946107098373354
0.3062447130802753
0.1946107098373354
0.4132507518077703
0.1946107098373354
0.24412804221654566
0.2787454399810626
0.1946107098373354
0.24412804221654566
0.4132507518077703
0.1946107098373354
0.1946107098373354
0.1946107098373354
0.1946107098373354
0.1946107098373354
0.7622096770256601
0.24412804221654566
0.3062447130802753
0.24412804221654566
0.1946107098373354
0.1946107098373354
0.1946107098373354
0.1946107098373354
0.1946107098373354
0.1946107098373354
0.4132507518077703
0.1946107098373354
0.39925356818841357
0.24412804221654566
0.3294296772297307
0.1946107098373354
0.1946107098373354
0.24412804221654566
0.1946107098373354
0.1946107098373354
0.1946107098373354
0.24412804221654566
0.1946107098373354
0.2787454399810626
0.1946107098373354
0.1946107098373354
0.1946107098373354
0.1946107098373354
0.1946107098373354
0.24412804221654566
0.1946107098373354
0.1946107098373354
0.1946107098373354
0.1946107098373354
0.3062447130802753
0.1946107098373354
0.1946107098373354
0.24412804221654566
0.3294296772297307
0.2787454399810626
0.1946107098373354
0.1946107098373354
0.3841665358805055
0.1946107098373354
0.24412804221654566
0.1946107098373354
0.1946107098373354
0.24412804221654566
0.1946107098373354
0.1946107098373354
0.2787454399810626
0.1946107098373354
0.24412804221654566
0.24412804221654566
0.1946107098373354
0.24412804221654566
0.1946107098373354
0.1946107098373354
0.1946107098373354
0.1946107098373354
0.1946107098373354
0.24412804221654566
0.1946107098373354
0.1946107098373354
0.1946107098373354
0.1946107098373354
0.2787454399810626
0.1946107098373354
0.1946107098373354
0.1946107098373354
0.2787454399810626
0.1946107098373354
0.2787454399810626
0.1946107098373354
0.3062447130802753
0.1946107098373354
0.1946107098373354
0.1946107098373354
0.1946107098373354
0.1946107098373354
0.1946107098373354
0.1946107098373354
0.1946107098373354
0.24412804221654566
0.2787454399810626
0.24412804221654566
0.1946107098373354
0.1946107098373354
0.34967026530166506
0.1946107098373354
0.24412804221654566
0.1946107098373354
0.24412804221654566
0.1946107098373354
0.1946107098373354
0.1946107098373354
0.1946107098373354
0.1946107098373354
0.1946107098373354
0.24412804221654566
0.3062447130802753
0.1946107098373354
0.1946107098373354
0.1946107098373354
0.1946107098373354
0.24412804221654566
0.1946107098373354
0.1946107098373354
0.3062447130802753
0.1946107098373354
0.1946107098373354
0.1946107098373354
0.24412804221654566
0.1946107098373354
0.1946107098373354
0.1946107098373354
0.1946107098373354
0.1946107098373354
0.1946107098373354
0.1946107098373354
0.2787454399810626
0.1946107098373354
0.1946107098373354
0.3062447130802753
0.2787454399810626
0.1946107098373354
0.1946107098373354
0.1946107098373354
0.1946107098373354
0.24412804221654566
0.1946107098373354
0.1946107098373354
0.3841665358805055
0.1946107098373354
0.24412804221654566
0.1946107098373354
0.1946107098373354
0.1946107098373354
0.1946107098373354
0.1946107098373354
0.1946107098373354
0.1946107098373354
0.1946107098373354
0.34967026530166506
0.1946107098373354
0.1946107098373354
0.9953622969450447
0.1946107098373354
0.1946107098373354
0.1946107098373354
0.1946107098373354
0.1946107098373354
0.3062447130802753
0.1946107098373354
0.1946107098373354
0.1946107098373354
0.1946107098373354
0.1946107098373354
0.1946107098373354
0.1946107098373354
0.1946107098373354
0.1946107098373354
0.1946107098373354
0.24412804221654566
0.34967026530166506
0.1946107098373354
0.1946107098373354
0.1946107098373354
0.1946107098373354
0.1946107098373354
0.5348129736148844
0.2787454399810626
0.46132222254001776
0.1946107098373354
0.1946107098373354
0.1946107098373354
0.34967026530166506
0.1946107098373354
0.39925356818841357
0.1946107098373354
0.1946107098373354
0.1946107098373354
0.1946107098373354
0.24412804221654566
0.3294296772297307
0.1946107098373354
0.1946107098373354
0.1946107098373354
0.2787454399810626
0.1946107098373354
0.2787454399810626
0.1946107098373354
0.1946107098373354
0.1946107098373354
0.5267377918874888
0.1946107098373354
0.1946107098373354
0.1946107098373354
0.1946107098373354
0.1946107098373354
0.1946107098373354
0.24412804221654566
0.1946107098373354
0.1946107098373354
0.1946107098373354
0.1946107098373354
0.24412804221654566
0.1946107098373354
0.34967026530166506
0.24412804221654566
0.1946107098373354
0.1946107098373354
0.24412804221654566
0.1946107098373354
0.8998947208643248
0.2787454399810626
0.3294296772297307
0.1946107098373354
0.24412804221654566
0.1946107098373354
0.24412804221654566
0.2787454399810626
0.24412804221654566
0.24412804221654566
0.1946107098373354
0.1946107098373354
0.36775064583779066
0.1946107098373354
0.1946107098373354
0.3294296772297307
0.1946107098373354
0.1946107098373354
0.24412804221654566
0.1946107098373354
0.1946107098373354
0.1946107098373354
0.1946107098373354
0.1946107098373354
0.39925356818841357
0.1946107098373354
0.1946107098373354
0.1946107098373354
0.42633501452933376
0.1946107098373354
0.1946107098373354
0.1946107098373354
0.2787454399810626
0.1946107098373354
0.34967026530166506
0.2787454399810626
0.1946107098373354
0.1946107098373354
0.1946107098373354
0.1946107098373354
0.1946107098373354
0.24412804221654566
0.1946107098373354
0.1946107098373354
0.2787454399810626
0.1946107098373354
0.3062447130802753
0.1946107098373354
0.36775064583779066
0.1946107098373354
0.1946107098373354
0.1946107098373354
0.1946107098373354
0.1946107098373354
0.24412804221654566
0.1946107098373354
0.1946107098373354
0.1946107098373354
0.1946107098373354
0.1946107098373354
0.1946107098373354
0.1946107098373354
0.1946107098373354
0.1946107098373354
0.5982903234330512
0.1946107098373354
0.6106495439210047
0.1946107098373354
0.1946107098373354
0.1946107098373354
0.39925356818841357
0.1946107098373354
0.1946107098373354
0.1946107098373354
0.1946107098373354
0.24412804221654566
0.34967026530166506
0.3062447130802753
0.24412804221654566
0.1946107098373354
0.39925356818841357
0.1946107098373354
0.1946107098373354
0.1946107098373354
0.5008408428872008
0.1946107098373354
0.1946107098373354
0.1946107098373354
0.1946107098373354
0.1946107098373354
0.34967026530166506
0.1946107098373354
0.1946107098373354
0.1946107098373354
0.1946107098373354
0.1946107098373354
0.2787454399810626
0.1946107098373354
0.1946107098373354
0.24412804221654566
0.24412804221654566
0.1946107098373354
0.2787454399810626
0.1946107098373354
0.24412804221654566
0.1946107098373354
0.36775064583779066
0.2787454399810626
0.5502506524924474
0.1946107098373354
0.1946107098373354
0.1946107098373354
0.1946107098373354
0.1946107098373354
0.1946107098373354
0.1946107098373354
0.3062447130802753
0.1946107098373354
0.24412804221654566
0.1946107098373354
0.1946107098373354
0.1946107098373354
0.1946107098373354
0.1946107098373354
0.1946107098373354
0.24412804221654566
0.1946107098373354
0.1946107098373354
0.1946107098373354
0.1946107098373354
0.1946107098373354
0.3062447130802753
0.1946107098373354
0.1946107098373354
0.1946107098373354
0.1946107098373354
0.1946107098373354
0.1946107098373354
0.1946107098373354
0.1946107098373354
0.1946107098373354
0.1946107098373354
0.1946107098373354
0.1946107098373354
0.24412804221654566
0.1946107098373354
0.1946107098373354
0.1946107098373354
0.24412804221654566
0.1946107098373354
0.1946107098373354
0.1946107098373354
0.1946107098373354
0.24412804221654566
0.3062447130802753
0.1946107098373354
0.24412804221654566
0.1946107098373354
0.1946107098373354
0.24412804221654566
0.2787454399810626
0.1946107098373354
0.3841665358805055
0.1946107098373354
0.1946107098373354
0.1946107098373354
0.24412804221654566
0.24412804221654566
0.43864141578224053
0.1946107098373354
0.1946107098373354
0.1946107098373354
0.1946107098373354
0.1946107098373354
0.2787454399810626
0.1946107098373354
0.24412804221654566
0.1946107098373354
0.1946107098373354
0.1946107098373354
0.3062447130802753
0.1946107098373354
0.1946107098373354
0.1946107098373354
0.24412804221654566
0.1946107098373354
0.1946107098373354
0.1946107098373354
0.1946107098373354
0.1946107098373354
0.1946107098373354
0.1946107098373354
0.1946107098373354
0.1946107098373354
0.1946107098373354
0.1946107098373354
0.1946107098373354
0.24412804221654566
0.39925356818841357
0.1946107098373354
0.1946107098373354
0.1946107098373354
0.1946107098373354
0.1946107098373354
0.1946107098373354
0.24412804221654566
0.24412804221654566
0.1946107098373354
0.1946107098373354
0.24412804221654566
0.24412804221654566
0.1946107098373354
0.1946107098373354
0.1946107098373354
0.1946107098373354
0.1946107098373354
0.24412804221654566
0.2787454399810626
0.1946107098373354
0.1946107098373354
0.1946107098373354
0.24412804221654566
0.24412804221654566
0.1946107098373354
0.1946107098373354
0.24412804221654566
0.1946107098373354
0.1946107098373354
0.1946107098373354
0.1946107098373354
0.1946107098373354
0.1946107098373354
0.34967026530166506
0.1946107098373354
0.24412804221654566
0.1946107098373354
0.1946107098373354
0.2787454399810626
0.1946107098373354
0.24412804221654566
0.8775271618526547
0.1946107098373354
0.2787454399810626
0.1946107098373354
0.24412804221654566
0.1946107098373354
0.1946107098373354
0.1946107098373354
0.24412804221654566
0.1946107098373354
0.6995353025368799
0.1946107098373354
0.1946107098373354
0.1946107098373354
0.1946107098373354
0.24412804221654566
0.3294296772297307
0.1946107098373354
0.1946107098373354
0.1946107098373354
0.913313146734546
0.24412804221654566
0.1946107098373354
0.24412804221654566
0.1946107098373354
0.1946107098373354
0.1946107098373354
0.1946107098373354
0.1946107098373354
0.24412804221654566
0.1946107098373354
0.1946107098373354
0.2787454399810626
0.2787454399810626
0.1946107098373354
0.1946107098373354
0.1946107098373354
0.1946107098373354
0.1946107098373354
0.1946107098373354
0.3062447130802753
0.1946107098373354
0.1946107098373354
0.1946107098373354
0.3062447130802753
0.1946107098373354
0.6225144374666196
0.1946107098373354
0.4915653488815915
0.1946107098373354
0.1946107098373354
0.1946107098373354
0.1946107098373354
0.1946107098373354
0.3062447130802753
0.1946107098373354
0.24412804221654566
0.1946107098373354
0.7425156618642244
0.1946107098373354
0.1946107098373354
0.1946107098373354
0.7173659724470922
0.2787454399810626
0.1946107098373354
0.24412804221654566
0.2787454399810626
0.1946107098373354
0.2787454399810626
0.1946107098373354
0.1946107098373354
0.1946107098373354
0.1946107098373354
0.2787454399810626
0.1946107098373354
0.1946107098373354
0.3062447130802753
0.2787454399810626
0.3294296772297307
0.24412804221654566
0.46132222254001776
0.1946107098373354
0.3062447130802753
0.1946107098373354
0.1946107098373354
0.1946107098373354
0.1946107098373354
0.1946107098373354
0.36775064583779066
0.24412804221654566
0.24412804221654566
0.1946107098373354
0.1946107098373354
0.24412804221654566
0.42633501452933376
0.34967026530166506
0.1946107098373354
0.2787454399810626
0.1946107098373354
0.1946107098373354
0.1946107098373354
0.24412804221654566
0.34967026530166506
0.2787454399810626
0.1946107098373354
0.24412804221654566
0.46132222254001776
0.1946107098373354
0.1946107098373354
0.1946107098373354
0.24412804221654566
0.1946107098373354
0.1946107098373354
0.1946107098373354
0.1946107098373354
0.1946107098373354
0.5648451523115741
0.24412804221654566
0.1946107098373354
0.24412804221654566
0.3062447130802753
0.1946107098373354
0.24412804221654566
0.1946107098373354
0.2787454399810626
0.1946107098373354
0.1946107098373354
0.1946107098373354
0.1946107098373354
0.1946107098373354
0.1946107098373354
0.1946107098373354
0.1946107098373354
0.2787454399810626
0.1946107098373354
0.1946107098373354
0.1946107098373354
0.1946107098373354
0.1946107098373354
0.1946107098373354
0.1946107098373354
0.24412804221654566
0.3294296772297307
0.1946107098373354
0.24412804221654566
0.1946107098373354
0.1946107098373354
0.1946107098373354
0.1946107098373354
0.1946107098373354
0.1946107098373354
0.1946107098373354
0.1946107098373354
0.1946107098373354
1.0274999448095399
0.2787454399810626
0.1946107098373354
0.24412804221654566
0.1946107098373354
0.24412804221654566
0.1946107098373354
0.24412804221654566
0.2787454399810626
0.24412804221654566
0.7384454606113889
0.24412804221654566
0.2787454399810626
0.1946107098373354
0.1946107098373354
0.1946107098373354
0.3062447130802753
0.1946107098373354
0.2787454399810626
0.1946107098373354
0.1946107098373354
0.1946107098373354
0.24412804221654566
0.1946107098373354
0.1946107098373354
0.24412804221654566
0.3294296772297307
0.1946107098373354
0.42633501452933376
0.1946107098373354
0.39925356818841357
0.24412804221654566
0.1946107098373354
0.1946107098373354
0.4132507518077703
0.1946107098373354
0.39925356818841357
0.1946107098373354
0.1946107098373354
0.24412804221654566
0.5576461456329607
0.1946107098373354
0.24412804221654566
0.1946107098373354
0.1946107098373354
0.1946107098373354
0.1946107098373354
0.1946107098373354
0.1946107098373354
0.1946107098373354
0.9211733274830372
0.24412804221654566
0.1946107098373354
0.1946107098373354
0.24412804221654566
0.1946107098373354
0.1946107098373354
0.1946107098373354
0.1946107098373354
0.1946107098373354
0.1946107098373354
0.1946107098373354
0.7772427149539931
0.24412804221654566
0.1946107098373354
0.1946107098373354
0.34967026530166506
0.24412804221654566
0.24412804221654566
0.1946107098373354
0.1946107098373354
0.24412804221654566
0.1946107098373354
0.1946107098373354
0.1946107098373354
0.1946107098373354
0.1946107098373354
0.1946107098373354
0.1946107098373354
0.1946107098373354
0.1946107098373354
0.24412804221654566
0.1946107098373354
0.1946107098373354
0.1946107098373354
0.1946107098373354
0.1946107098373354
0.1946107098373354
0.2787454399810626
0.1946107098373354
0.1946107098373354
0.1946107098373354
0.1946107098373354
0.24412804221654566
0.24412804221654566
0.1946107098373354
0.1946107098373354
0.1946107098373354
0.1946107098373354
0.24412804221654566
0.2787454399810626
0.3062447130802753
0.1946107098373354
0.24412804221654566
0.2787454399810626
0.1946107098373354
0.36775064583779066
0.1946107098373354
0.43864141578224053
0.1946107098373354
0.1946107098373354
0.1946107098373354
0.1946107098373354
0.1946107098373354
0.9364924580898165
0.1946107098373354
0.1946107098373354
0.1946107098373354
0.1946107098373354
0.1946107098373354
0.3062447130802753
0.1946107098373354
0.2787454399810626
0.1946107098373354
0.1946107098373354
0.1946107098373354
0.571860159298067
0.1946107098373354
0.24412804221654566
0.24412804221654566
0.24412804221654566
0.1946107098373354
0.3062447130802753
0.2787454399810626
0.1946107098373354
0.1946107098373354
0.1946107098373354
0.1946107098373354
0.1946107098373354
0.1946107098373354
0.1946107098373354
0.1946107098373354
0.2787454399810626
0.1946107098373354
0.1946107098373354
0.1946107098373354
0.1946107098373354
0.1946107098373354
0.1946107098373354
0.1946107098373354
0.1946107098373354
0.1946107098373354
0.1946107098373354
0.1946107098373354
0.1946107098373354
0.1946107098373354
0.36775064583779066
0.24412804221654566
0.3294296772297307
0.1946107098373354
0.3062447130802753
0.1946107098373354
0.1946107098373354
0.1946107098373354
0.2787454399810626
0.1946107098373354
0.1946107098373354
0.1946107098373354
0.24412804221654566
0.1946107098373354
0.1946107098373354
0.1946107098373354
0.1946107098373354
0.1946107098373354
0.1946107098373354
0.1946107098373354
0.1946107098373354
0.1946107098373354
0.6225144374666196
0.24412804221654566
0.6807169377970166
0.1946107098373354
0.34967026530166506
0.1946107098373354
0.3062447130802753
0.24412804221654566
0.36775064583779066
0.1946107098373354
0.3294296772297307
0.1946107098373354
0.1946107098373354
0.1946107098373354
0.1946107098373354
0.1946107098373354
0.45027566289180343
0.1946107098373354
0.1946107098373354
0.1946107098373354
0.3062447130802753
0.1946107098373354
0.3294296772297307
0.1946107098373354
0.24412804221654566
0.1946107098373354
0.1946107098373354
0.1946107098373354
0.39925356818841357
0.1946107098373354
0.1946107098373354
0.1946107098373354
0.1946107098373354
0.1946107098373354
0.1946107098373354
0.1946107098373354
0.1946107098373354
0.1946107098373354
0.2787454399810626
0.1946107098373354
0.34967026530166506
0.1946107098373354
0.2787454399810626
0.1946107098373354
0.1946107098373354
0.24412804221654566
0.36775064583779066
0.1946107098373354
0.1946107098373354
0.1946107098373354
0.1946107098373354
0.1946107098373354
0.1946107098373354
0.1946107098373354
0.1946107098373354
0.1946107098373354
0.1946107098373354
0.1946107098373354
0.1946107098373354
0.1946107098373354
0.42633501452933376
0.1946107098373354
0.1946107098373354
0.1946107098373354
0.1946107098373354
0.1946107098373354
0.1946107098373354
0.1946107098373354
0.1946107098373354
0.1946107098373354
0.1946107098373354
0.1946107098373354
0.1946107098373354
0.1946107098373354
0.2787454399810626
0.1946107098373354
0.3294296772297307
0.1946107098373354
0.6045349233559917
0.1946107098373354
0.1946107098373354
0.1946107098373354
0.1946107098373354
0.24412804221654566
0.571860159298067
0.1946107098373354
0.1946107098373354
0.1946107098373354
0.34967026530166506
0.1946107098373354
0.1946107098373354
0.1946107098373354
0.633931414274859
0.24412804221654566
0.2787454399810626
0.24412804221654566
0.43864141578224053
0.1946107098373354
0.1946107098373354
0.1946107098373354
0.1946107098373354
0.1946107098373354
0.24412804221654566
0.1946107098373354
0.3062447130802753
0.2787454399810626
0.24412804221654566
0.1946107098373354
0.1946107098373354
0.1946107098373354
0.46132222254001776
0.1946107098373354
0.1946107098373354
0.1946107098373354
0.1946107098373354
0.1946107098373354
0.36775064583779066
0.1946107098373354
0.1946107098373354
0.1946107098373354
0.1946107098373354
0.1946107098373354
0.24412804221654566
0.24412804221654566
0.24412804221654566
0.1946107098373354
0.1946107098373354
0.1946107098373354
0.1946107098373354
0.1946107098373354
0.1946107098373354
0.1946107098373354
0.46132222254001776
0.1946107098373354
0.3062447130802753
0.24412804221654566
0.24412804221654566
0.1946107098373354
0.3841665358805055
0.1946107098373354
0.1946107098373354
0.1946107098373354
0.3062447130802753
0.1946107098373354
0.1946107098373354
0.1946107098373354
0.3294296772297307
0.1946107098373354
0.3294296772297307
0.1946107098373354
0.24412804221654566
0.1946107098373354
0.1946107098373354
0.1946107098373354
0.24412804221654566
0.1946107098373354
0.7129939447589206
0.1946107098373354
0.5267377918874888
0.1946107098373354
0.1946107098373354
0.1946107098373354
0.4718497784575884
0.1946107098373354
0.2787454399810626
0.1946107098373354
0.1946107098373354
0.1946107098373354
0.1946107098373354
0.1946107098373354
0.1946107098373354
0.1946107098373354
0.1946107098373354
0.1946107098373354
0.24412804221654566
0.1946107098373354
0.24412804221654566
0.1946107098373354
0.1946107098373354
0.1946107098373354
0.1946107098373354
0.1946107098373354
0.34967026530166506
0.1946107098373354
0.1946107098373354
0.1946107098373354
0.1946107098373354
0.1946107098373354
0.1946107098373354
0.1946107098373354
0.1946107098373354
0.1946107098373354
0.1946107098373354
0.1946107098373354
0.24412804221654566
0.1946107098373354
0.1946107098373354
0.1946107098373354
0.4718497784575884
0.1946107098373354
0.1946107098373354
0.1946107098373354
0.1946107098373354
0.1946107098373354
0.43864141578224053
0.1946107098373354
0.3062447130802753
0.1946107098373354
0.1946107098373354
0.1946107098373354
0.1946107098373354
0.1946107098373354
0.4132507518077703
0.1946107098373354
0.4132507518077703
0.1946107098373354
0.1946107098373354
0.1946107098373354
0.24412804221654566
0.1946107098373354
0.3062447130802753
0.1946107098373354
0.24412804221654566
0.1946107098373354
0.1946107098373354
0.1946107098373354
0.24412804221654566
0.1946107098373354
0.571860159298067
0.1946107098373354
0.3062447130802753
0.1946107098373354
0.1946107098373354
0.1946107098373354
0.1946107098373354
0.1946107098373354
0.5853821714718137
0.1946107098373354
0.43864141578224053
0.1946107098373354
0.3062447130802753
0.1946107098373354
0.3294296772297307
0.1946107098373354
0.1946107098373354
0.1946107098373354
0.5008408428872008
0.1946107098373354
0.2787454399810626
0.1946107098373354
0.1946107098373354
0.1946107098373354
0.1946107098373354
0.1946107098373354
0.1946107098373354
0.1946107098373354
0.42633501452933376
0.1946107098373354
0.24412804221654566
0.1946107098373354
0.1946107098373354
0.1946107098373354
0.1946107098373354
0.1946107098373354
0.1946107098373354
0.1946107098373354
0.1946107098373354
0.1946107098373354
0.1946107098373354
0.1946107098373354
0.1946107098373354
0.1946107098373354
0.1946107098373354
0.1946107098373354
0.1946107098373354
0.1946107098373354
0.2787454399810626
0.1946107098373354
0.1946107098373354
0.1946107098373354
0.1946107098373354
0.1946107098373354
0.4718497784575884
0.1946107098373354
0.1946107098373354
0.1946107098373354
0.2787454399810626
0.1946107098373354
0.1946107098373354
0.1946107098373354
0.1946107098373354
0.1946107098373354
0.1946107098373354
0.1946107098373354
0.1946107098373354
0.1946107098373354
0.1946107098373354
0.1946107098373354
0.24412804221654566
0.1946107098373354
0.3841665358805055
0.1946107098373354
0.24412804221654566
0.1946107098373354
0.1946107098373354
0.1946107098373354
0.1946107098373354
0.1946107098373354
0.46132222254001776
0.1946107098373354
0.3294296772297307
0.1946107098373354
0.1946107098373354
0.1946107098373354
0.2787454399810626
0.1946107098373354
0.1946107098373354
0.1946107098373354
0.24412804221654566
0.1946107098373354
0.34967026530166506
0.1946107098373354
0.24412804221654566
0.1946107098373354
0.1946107098373354
0.1946107098373354
0.2787454399810626
0.1946107098373354
0.1946107098373354
0.1946107098373354
