2.2219520751833803
1.420378228528656
1.6962438370467807
0.9429247314751525
0.9210893371586814
0.5195360236166637
1.086417958381386
1.9952056263620292
1.1010870662675638
1.3115228624869868
1.2762907470501754
0.4739050615146051
1.0804441386365058
1.2379576725336623
0.9657035627280361
0.16016027440472133
0.8295164334463934
1.1334935432165312
0.9045722884557984
0.656510862120709
0.5009383600643357
0.6788822969006815
0.7294477484997752
0.5009383600643357
0.8874645576441486
0.16016027440472133
0.3425372403596083
0.5369537602161928
0.8465045575212569
0.23422394926614756
0.5836784808291066
2.1124247853056883
1.1139804897375298
1.644866798966038
0.7166166655116667
0.2795036595628978
0.297702835933201
0.9045722884557984
0.6641268161114862
0.4739050615146051
0.480934925394129
1.1224218052335584
0.7597875296468539
0.5977787723761803
0.869709610546358
0.297702835933201
0.6860379466201056
0.297702835933201
0.3425372403596083
0.2795036595628978
0.4353709694814982
0.3890109171742444
0.32885906784200303
0.39911420649601176
0.3425372403596083
0.45922128505397997
0.44359185065419177
0.258736768094548
0.16016027440472133
0.37838563819092647
0.5312673987871068
0.5884497102574506
0.37838563819092647
1.0511766708849242
0.5254635981750706
0.6199716994380009
0.48777573589590034
0.593148911415064
0.4353709694814982
0.480934925394129
0.48777573589590034
0.7166166655116667
0.6788822969006815
0.20356657824066687
0.42684568456571864
0.2795036595628978
0.42684568456571864
0.3425372403596083
0.36716425390450796
0.35525415896319223
0.258736768094548
0.297702835933201
0.37838563819092647
0.8319836272377026
0.297702835933201
0.36716425390450796
0.5009383600643357
0.7684562206053321
0.4087558617171855
0.5312673987871068
0.6068404512949372
0.37838563819092647
0.4179857671499995
0.2795036595628978
0.37838563819092647
1.025277761985565
0.258736768094548
0.3425372403596083
0.4179857671499995
1.184751256836087
0.4087558617171855
0.44359185065419177
0.45922128505397997
0.35525415896319223
0.2795036595628978
0.23422394926614756
0.49443984534713054
0.2795036595628978
0.297702835933201
0.4353709694814982
0.5134777735008726
0.16016027440472133
0.258736768094548
0.6284419019463967
0.7934125442364817
0.20356657824066687
0.37838563819092647
0.258736768094548
0.5533643024281544
0.809259179777032
0.5254635981750706
1.020281935930077
0.36716425390450796
0.6930552254466871
0.45922128505397997
0.31401147174391125
0.16016027440472133
1.031868115873348
0.5254635981750706
0.31401147174391125
0.44359185065419177
0.297702835933201
0.20356657824066687
0.35525415896319223
0.35525415896319223
0.3890109171742444
0.258736768094548
1.038379850440174
0.5254635981750706
0.7684562206053321
0.5788323638220142
0.16016027440472133
0.20356657824066687
0.16016027440472133
0.39911420649601176
0.5009383600643357
0.6715811606354724
0.8344370679712277
0.6199716994380009
0.16016027440472133
0.23422394926614756
0.20356657824066687
0.16016027440472133
0.31401147174391125
0.16016027440472133
0.20356657824066687
0.16016027440472133
1.11962139057017
0.16016027440472133
0.20356657824066687
0.258736768094548
0.4739050615146051
0.480934925394129
0.9619775647275043
0.7713050859039415
0.5836784808291066
0.4353709694814982
0.4353709694814982
0.258736768094548
0.48777573589590034
0.23422394926614756
1.0050098952250544
0.2795036595628978
0.32885906784200303
0.23422394926614756
0.6860379466201056
0.5195360236166637
0.5072813070882014
0.37838563819092647
0.5977787723761803
0.6678736476201654
0.8830888934602965
0.4353709694814982
0.480934925394129
0.20356657824066687
0.36716425390450796
0.16016027440472133
1.2367958997928055
0.54799703499114
0.4353709694814982
0.35525415896319223
0.4353709694814982
0.16016027440472133
0.7166166655116667
0.39911420649601176
0.35525415896319223
0.258736768094548
1.018606342966148
0.16016027440472133
0.5134777735008726
0.20356657824066687
0.297702835933201
0.20356657824066687
0.3425372403596083
0.6788822969006815
0.16016027440472133
0.35525415896319223
0.16016027440472133
0.258736768094548
0.5072813070882014
0.16016027440472133
0.23422394926614756
0.258736768094548
0.6068404512949372
0.2795036595628978
0.16016027440472133
0.480934925394129
0.5977787723761803
0.5254635981750706
0.20356657824066687
0.16016027440472133
0.644763629890197
0.23422394926614756
0.16016027440472133
0.2795036595628978
0.741865806466109
0.258736768094548
0.31401147174391125
0.31401147174391125
0.9149614059757006
0.49443984534713054
0.16016027440472133
0.5195360236166637
0.16016027440472133
0.5134777735008726
0.23422394926614756
0.31401147174391125
0.297702835933201
0.20356657824066687
0.16016027440472133
0.32885906784200303
0.9429247314751525
0.31401147174391125
0.20356657824066687
0.42684568456571864
0.3425372403596083
0.32885906784200303
0.23422394926614756
0.4087558617171855
0.42684568456571864
0.32885906784200303
0.9448628521848103
0.5369537602161928
0.23422394926614756
0.48777573589590034
0.35525415896319223
0.20356657824066687
0.20356657824066687
0.258736768094548
0.8066587802371498
0.3425372403596083
0.4353709694814982
0.32885906784200303
0.2795036595628978
0.2795036595628978
0.258736768094548
0.5425285125590227
0.16016027440472133
0.297702835933201
0.16016027440472133
0.32885906784200303
0.16016027440472133
0.3425372403596083
0.2795036595628978
0.2795036595628978
0.5739083133062709
0.480934925394129
0.2795036595628978
0.20356657824066687
0.37838563819092647
0.2795036595628978
0.16016027440472133
0.258736768094548
0.20356657824066687
0.16016027440472133
0.20356657824066687
0.20356657824066687
0.45922128505397997
0.480934925394129
0.16016027440472133
0.20356657824066687
0.23422394926614756
0.16016027440472133
0.16016027440472133
0.45922128505397997
0.8719665213847269
0.23422394926614756
0.35525415896319223
0.3425372403596083
0.9563368774118798
0.5689030795361311
0.16016027440472133
0.16016027440472133
0.16016027440472133
0.20356657824066687
0.258736768094548
0.37838563819092647
0.20356657824066687
0.16016027440472133
0.5638131896860485
0.2795036595628978
0.20356657824066687
0.20356657824066687
0.23422394926614756
0.2795036595628978
0.7960952207113889
0.36716425390450796
0.16016027440472133
0.31401147174391125
0.20356657824066687
0.31401147174391125
0.16016027440472133
0.16016027440472133
0.45153440086620583
0.39911420649601176
0.4087558617171855
0.297702835933201
0.16016027440472133
0.2795036595628978
0.2795036595628978
0.3890109171742444
0.16016027440472133
0.37838563819092647
0.9003528004175271
0.20356657824066687
0.5977787723761803
0.297702835933201
0.23422394926614756
0.297702835933201
0.20356657824066687
0.2795036595628978
0.16016027440472133
0.35525415896319223
0.7597875296468539
0.37838563819092647
0.23422394926614756
0.42684568456571864
0.20356657824066687
0.297702835933201
0.46667234492091236
0.35525415896319223
0.5586349262059028
0.23422394926614756
0.23422394926614756
0.16016027440472133
0.6788822969006815
0.20356657824066687
0.258736768094548
0.3425372403596083
0.23422394926614756
0.39911420649601176
0.16016027440472133
0.2795036595628978
0.46667234492091236
0.3425372403596083
0.4739050615146051
0.16016027440472133
0.3425372403596083
0.23422394926614756
0.16016027440472133
0.16016027440472133
0.2795036595628978
0.5312673987871068
0.16016027440472133
0.32885906784200303
0.37838563819092647
0.31401147174391125
0.42684568456571864
0.16016027440472133
0.7597875296468539
0.20356657824066687
0.20356657824066687
0.16016027440472133
0.20356657824066687
0.16016027440472133
0.3425372403596083
0.16016027440472133
0.297702835933201
0.20356657824066687
0.35525415896319223
0.16016027440472133
0.35525415896319223
0.20356657824066687
0.35525415896319223
0.297702835933201
0.16016027440472133
0.2795036595628978
0.20356657824066687
0.31401147174391125
0.6407565984038157
0.31401147174391125
0.297702835933201
0.20356657824066687
0.37838563819092647
0.5072813070882014
0.297702835933201
0.35525415896319223
0.297702835933201
0.3890109171742444
0.20356657824066687
0.20356657824066687
0.297702835933201
0.20356657824066687
0.16016027440472133
0.23422394926614756
0.878671856724264
0.258736768094548
0.7539028934155072
0.20356657824066687
0.16016027440472133
0.258736768094548
0.16016027440472133
0.23422394926614756
0.20356657824066687
0.20356657824066687
0.32885906784200303
0.20356657824066687
0.4087558617171855
0.16016027440472133
0.16016027440472133
0.32885906784200303
0.45922128505397997
0.20356657824066687
0.42684568456571864
0.16016027440472133
0.8245399954978907
0.3425372403596083
0.36716425390450796
0.3425372403596083
0.5195360236166637
0.4087558617171855
1.6949629364592222
0.20356657824066687
0.2795036595628978
0.3425372403596083
0.3425372403596083
0.3425372403596083
0.37838563819092647
0.258736768094548
0.37838563819092647
0.23422394926614756
0.16016027440472133
0.258736768094548
0.5312673987871068
0.480934925394129
0.20356657824066687
0.16016027440472133
0.16016027440472133
0.16016027440472133
0.4739050615146051
0.20356657824066687
0.297702835933201
0.258736768094548
0.20356657824066687
0.258736768094548
0.20356657824066687
0.16016027440472133
0.20356657824066687
0.2795036595628978
0.16016027440472133
0.16016027440472133
0.16016027440472133
0.31401147174391125
0.31401147174391125
0.258736768094548
0.36716425390450796
0.258736768094548
0.36716425390450796
0.35525415896319223
0.20356657824066687
0.23422394926614756
0.23422394926614756
0.258736768094548
0.31401147174391125
0.16016027440472133
0.2795036595628978
0.258736768094548
0.6242339577513092
0.32885906784200303
0.4739050615146051
0.32885906784200303
0.4179857671499995
0.297702835933201
0.20356657824066687
0.20356657824066687
0.45153440086620583
0.3425372403596083
0.16016027440472133
0.16016027440472133
0.7626978105547769
0.480934925394129
0.2795036595628978
0.16016027440472133
0.297702835933201
0.16016027440472133
0.16016027440472133
0.16016027440472133
0.6112769067285465
0.297702835933201
1.1210232508977107
0.16016027440472133
0.4087558617171855
0.37838563819092647
0.2795036595628978
0.16016027440472133
0.16016027440472133
0.258736768094548
0.258736768094548
0.20356657824066687
0.16016027440472133
0.16016027440472133
0.3425372403596083
0.31401147174391125
0.16016027440472133
0.480934925394129
0.36716425390450796
0.3890109171742444
0.16016027440472133
0.16016027440472133
0.16016027440472133
0.16016027440472133
0.258736768094548
0.2795036595628978
0.7067004761615876
0.23422394926614756
0.16016027440472133
0.20356657824066687
0.23422394926614756
0.2795036595628978
0.258736768094548
0.23422394926614756
0.2795036595628978
0.20356657824066687
0.297702835933201
0.16016027440472133
0.20356657824066687
0.32885906784200303
0.16016027440472133
0.46667234492091236
0.4179857671499995
0.23422394926614756
0.258736768094548
0.23422394926614756
0.5254635981750706
0.4179857671499995
0.16016027440472133
0.258736768094548
0.5009383600643357
0.16016027440472133
0.9190552695124187
0.37838563819092647
0.37838563819092647
0.23422394926614756
0.23422394926614756
0.258736768094548
0.16016027440472133
0.16016027440472133
0.20356657824066687
0.20356657824066687
0.20356657824066687
0.16016027440472133
0.20356657824066687
0.16016027440472133
0.20356657824066687
0.23422394926614756
0.16016027440472133
0.297702835933201
0.20356657824066687
0.2795036595628978
0.615653318235514
0.44359185065419177
0.4353709694814982
0.32885906784200303
0.16016027440472133
0.23422394926614756
0.258736768094548
0.16016027440472133
0.23422394926614756
0.16016027440472133
0.16016027440472133
0.16016027440472133
0.16016027440472133
0.32885906784200303
0.45922128505397997
0.258736768094548
0.16016027440472133
0.20356657824066687
0.16016027440472133
0.3425372403596083
0.258736768094548
0.16016027440472133
0.16016027440472133
0.20356657824066687
0.4179857671499995
0.37838563819092647
0.258736768094548
0.23422394926614756
0.32885906784200303
0.23422394926614756
1.2033914849300835
0.5134777735008726
0.258736768094548
0.16016027440472133
0.258736768094548
0.23422394926614756
0.31401147174391125
0.39911420649601176
0.258736768094548
0.16016027440472133
0.16016027440472133
0.20356657824066687
0.45922128505397997
0.5072813070882014
0.16016027440472133
0.20356657824066687
0.49443984534713054
0.4087558617171855
0.46667234492091236
0.16016027440472133
0.16016027440472133
0.16016027440472133
0.16016027440472133
0.16016027440472133
0.16016027440472133
0.20356657824066687
0.32885906784200303
0.3890109171742444
0.16016027440472133
0.2795036595628978
0.16016027440472133
0.2795036595628978
0.20356657824066687
0.297702835933201
0.2795036595628978
0.20356657824066687
1.1139804897375298
0.258736768094548
0.4087558617171855
0.23422394926614756
0.16016027440472133
0.20356657824066687
0.42684568456571864
0.258736768094548
0.16016027440472133
0.20356657824066687
0.16016027440472133
0.23422394926614756
0.16016027440472133
0.297702835933201
0.4739050615146051
0.16016027440472133
0.3425372403596083
0.16016027440472133
0.16016027440472133
0.16016027440472133
0.16016027440472133
0.16016027440472133
0.39911420649601176
0.16016027440472133
0.44359185065419177
0.16016027440472133
0.16016027440472133
0.297702835933201
0.16016027440472133
0.297702835933201
0.16016027440472133
0.258736768094548
0.16016027440472133
0.31401147174391125
0.16016027440472133
0.297702835933201
0.258736768094548
0.31401147174391125
0.37838563819092647
0.258736768094548
0.593148911415064
0.16016027440472133
0.16016027440472133
0.258736768094548
0.16016027440472133
0.16016027440472133
0.20356657824066687
0.2795036595628978
0.16016027440472133
0.4353709694814982
0.2795036595628978
0.32885906784200303
0.20356657824066687
0.36716425390450796
0.16016027440472133
0.16016027440472133
0.3425372403596083
0.31401147174391125
0.4739050615146051
0.258736768094548
0.16016027440472133
0.16016027440472133
0.31401147174391125
0.20356657824066687
0.6112769067285465
0.3425372403596083
0.39911420649601176
0.3425372403596083
0.45153440086620583
0.31401147174391125
0.2795036595628978
0.16016027440472133
0.16016027440472133
0.16016027440472133
0.20356657824066687
0.20356657824066687
0.16016027440472133
0.2795036595628978
0.20356657824066687
0.16016027440472133
0.23422394926614756
0.258736768094548
0.16016027440472133
0.44359185065419177
0.32885906784200303
0.23422394926614756
0.23422394926614756
0.20356657824066687
0.20356657824066687
0.20356657824066687
0.16016027440472133
0.16016027440472133
0.713340181529879
0.3425372403596083
0.37838563819092647
0.31401147174391125
0.6487241328018171
0.297702835933201
0.16016027440472133
0.258736768094548
0.5739083133062709
0.16016027440472133
0.7655872497451357
0.16016027440472133
0.7262800446971587
0.16016027440472133
0.2795036595628978
0.297702835933201
0.480934925394129
0.23422394926614756
0.45153440086620583
0.35525415896319223
0.258736768094548
0.16016027440472133
0.23422394926614756
0.16016027440472133
0.46667234492091236
0.297702835933201
0.258736768094548
0.16016027440472133
0.36716425390450796
0.2795036595628978
0.16016027440472133
0.23422394926614756
0.16016027440472133
0.32885906784200303
0.16016027440472133
0.32885906784200303
0.16016027440472133
0.20356657824066687
0.42684568456571864
0.16016027440472133
0.297702835933201
0.258736768094548
0.20356657824066687
0.16016027440472133
0.3425372403596083
0.258736768094548
0.16016027440472133
0.23422394926614756
0.16016027440472133
0.297702835933201
0.297702835933201
0.16016027440472133
0.16016027440472133
0.23422394926614756
0.16016027440472133
0.23422394926614756
0.16016027440472133
0.16016027440472133
0.16016027440472133
0.20356657824066687
0.36716425390450796
0.23422394926614756
0.32885906784200303
0.32885906784200303
0.23422394926614756
0.16016027440472133
0.16016027440472133
0.20356657824066687
0.31401147174391125
0.23422394926614756
0.2795036595628978
0.20356657824066687
0.35525415896319223
0.16016027440472133
0.16016027440472133
0.23422394926614756
0.16016027440472133
0.258736768094548
0.16016027440472133
0.16016027440472133
0.32885906784200303
0.16016027440472133
0.7797345253330334
0.297702835933201
0.31401147174391125
0.258736768094548
0.23422394926614756
0.258736768094548
0.31401147174391125
0.16016027440472133
0.747930124552096
0.258736768094548
0.20356657824066687
0.20356657824066687
0.6068404512949372
0.16016027440472133
0.16016027440472133
0.16016027440472133
0.297702835933201
0.20356657824066687
0.20356657824066687
0.16016027440472133
0.297702835933201
0.2795036595628978
0.16016027440472133
0.16016027440472133
0.16016027440472133
0.258736768094548
0.20356657824066687
0.258736768094548
0.20356657824066687
0.16016027440472133
0.31401147174391125
0.16016027440472133
0.16016027440472133
0.20356657824066687
0.5788323638220142
0.16016027440472133
0.8512416935823549
0.20356657824066687
0.16016027440472133
0.23422394926614756
0.4087558617171855
0.23422394926614756
0.5134777735008726
0.20356657824066687
0.45922128505397997
0.23422394926614756
0.16016027440472133
0.20356657824066687
0.20356657824066687
0.20356657824066687
0.36716425390450796
0.16016027440472133
0.35525415896319223
0.16016027440472133
0.16016027440472133
0.258736768094548
0.20356657824066687
0.16016027440472133
0.593148911415064
0.45922128505397997
0.258736768094548
0.20356657824066687
0.5788323638220142
0.20356657824066687
0.16016027440472133
0.36716425390450796
0.2795036595628978
0.16016027440472133
0.48777573589590034
0.16016027440472133
0.16016027440472133
0.20356657824066687
0.20356657824066687
0.2795036595628978
0.23422394926614756
0.2795036595628978
0.258736768094548
0.16016027440472133
0.2795036595628978
0.23422394926614756
0.297702835933201
0.23422394926614756
0.32885906784200303
0.23422394926614756
0.23422394926614756
0.31401147174391125
0.32885906784200303
0.32885906784200303
0.20356657824066687
0.20356657824066687
0.23422394926614756
0.16016027440472133
0.258736768094548
0.20356657824066687
0.16016027440472133
0.4179857671499995
0.23422394926614756
0.23422394926614756
0.44359185065419177
0.297702835933201
0.16016027440472133
0.297702835933201
0.16016027440472133
0.23422394926614756
0.297702835933201
0.16016027440472133
0.3425372403596083
0.258736768094548
0.23422394926614756
0.16016027440472133
0.3425372403596083
0.31401147174391125
0.20356657824066687
0.16016027440472133
0.3425372403596083
0.20356657824066687
0.16016027440472133
0.258736768094548
0.42684568456571864
0.20356657824066687
0.16016027440472133
0.297702835933201
0.16016027440472133
0.2795036595628978
0.16016027440472133
0.16016027440472133
0.36716425390450796
0.23422394926614756
0.258736768094548
0.20356657824066687
0.16016027440472133
0.20356657824066687
0.23422394926614756
0.16016027440472133
0.297702835933201
0.31401147174391125
0.258736768094548
0.16016027440472133
0.23422394926614756
0.20356657824066687
0.23422394926614756
0.16016027440472133
0.5009383600643357
0.2795036595628978
0.258736768094548
0.20356657824066687
0.16016027440472133
0.2795036595628978
0.36716425390450796
0.258736768094548
0.20356657824066687
0.16016027440472133
0.20356657824066687
0.20356657824066687
0.32885906784200303
0.258736768094548
1.0169255234415668
0.45153440086620583
0.16016027440472133
0.31401147174391125
0.16016027440472133
0.20356657824066687
0.46667234492091236
0.16016027440472133
0.593148911415064
0.16016027440472133
0.3890109171742444
0.20356657824066687
0.32885906784200303
0.16016027440472133
0.42684568456571864
0.258736768094548
0.20356657824066687
0.16016027440472133
0.23422394926614756
0.20356657824066687
0.16016027440472133
0.23422394926614756
0.32885906784200303
0.16016027440472133
0.32885906784200303
0.297702835933201
0.16016027440472133
0.16016027440472133
0.16016027440472133
0.23422394926614756
0.16016027440472133
0.20356657824066687
0.16016027440472133
0.258736768094548
0.2795036595628978
0.32885906784200303
0.20356657824066687
0.23422394926614756
0.16016027440472133
0.31401147174391125
0.32885906784200303
0.31401147174391125
0.16016027440472133
0.2795036595628978
0.16016027440472133
0.16016027440472133
0.16016027440472133
0.20356657824066687
0.16016027440472133
0.16016027440472133
0.5072813070882014
0.297702835933201
0.16016027440472133
0.16016027440472133
0.16016027440472133
0.258736768094548
0.258736768094548
0.16016027440472133
0.297702835933201
0.16016027440472133
0.16016027440472133
0.20356657824066687
0.20356657824066687
0.20356657824066687
0.16016027440472133
0.2795036595628978
0.20356657824066687
0.23422394926614756
0.23422394926614756
0.3425372403596083
0.16016027440472133
0.20356657824066687
0.46667234492091236
0.23422394926614756
0.49443984534713054
0.20356657824066687
0.23422394926614756
0.16016027440472133
0.23422394926614756
0.16016027440472133
0.32885906784200303
0.23422394926614756
0.16016027440472133
0.23422394926614756
0.16016027440472133
0.258736768094548
0.20356657824066687
0.23422394926614756
0.23422394926614756
0.23422394926614756
0.16016027440472133
0.20356657824066687
0.297702835933201
0.16016027440472133
0.16016027440472133
0.16016027440472133
0.20356657824066687
0.32885906784200303
0.23422394926614756
0.16016027440472133
0.16016027440472133
0.35525415896319223
0.16016027440472133
0.2795036595628978
0.8270352899370884
0.16016027440472133
0.23422394926614756
0.20356657824066687
0.16016027440472133
0.20356657824066687
0.4353709694814982
0.20356657824066687
0.16016027440472133
0.23422394926614756
0.16016027440472133
0.23422394926614756
0.23422394926614756
0.20356657824066687
0.44359185065419177
0.23422394926614756
0.16016027440472133
0.16016027440472133
0.20356657824066687
0.16016027440472133
0.39911420649601176
0.16016027440472133
0.23422394926614756
0.16016027440472133
0.4739050615146051
0.20356657824066687
0.2795036595628978
0.16016027440472133
0.36716425390450796
0.16016027440472133
0.297702835933201
0.20356657824066687
0.16016027440472133
0.23422394926614756
0.23422394926614756
0.16016027440472133
1.0135480384696316
0.20356657824066687
0.16016027440472133
0.16016027440472133
0.5884497102574506
0.16016027440472133
0.31401147174391125
0.258736768094548
0.6526394497181724
0.31401147174391125
0.16016027440472133
0.23422394926614756
0.258736768094548
0.16016027440472133
0.297702835933201
0.2795036595628978
0.20356657824066687
0.31401147174391125
0.16016027440472133
0.16016027440472133
0.16016027440472133
0.16016027440472133
0.20356657824066687
0.16016027440472133
0.855929514746179
0.297702835933201
0.16016027440472133
0.23422394926614756
0.16016027440472133
0.16016027440472133
0.16016027440472133
0.297702835933201
0.16016027440472133
0.16016027440472133
0.16016027440472133
0.258736768094548
0.23422394926614756
0.16016027440472133
0.258736768094548
0.20356657824066687
0.16016027440472133
0.258736768094548
0.16016027440472133
0.16016027440472133
0.16016027440472133
0.20356657824066687
0.16016027440472133
0.23422394926614756
0.5739083133062709
0.16016027440472133
0.23422394926614756
0.16016027440472133
0.16016027440472133
0.16016027440472133
0.16016027440472133
0.20356657824066687
0.297702835933201
0.3425372403596083
0.4179857671499995
0.16016027440472133
0.32885906784200303
0.23422394926614756
0.16016027440472133
0.3425372403596083
0.35525415896319223
0.20356657824066687
0.20356657824066687
0.20356657824066687
0.297702835933201
0.20356657824066687
0.16016027440472133
0.16016027440472133
0.31401147174391125
0.16016027440472133
0.20356657824066687
0.20356657824066687
0.20356657824066687
0.16016027440472133
0.16016027440472133
0.31401147174391125
0.16016027440472133
0.16016027440472133
0.16016027440472133
0.20356657824066687
0.20356657824066687
0.297702835933201
0.747930124552096
0.32885906784200303
0.16016027440472133
0.16016027440472133
0.16016027440472133
0.16016027440472133
0.258736768094548
0.297702835933201
0.16016027440472133
0.20356657824066687
0.31401147174391125
0.16016027440472133
0.35525415896319223
0.16016027440472133
0.4179857671499995
0.32885906784200303
0.16016027440472133
0.16016027440472133
0.16016027440472133
0.16016027440472133
0.8982289666270922
0.20356657824066687
0.6860379466201056
0.16016027440472133
0.31401147174391125
0.16016027440472133
0.258736768094548
0.297702835933201
0.20356657824066687
0.20356657824066687
0.16016027440472133
0.31401147174391125
0.16016027440472133
0.16016027440472133
0.16016027440472133
0.16016027440472133
0.23422394926614756
0.16016027440472133
0.16016027440472133
0.16016027440472133
0.16016027440472133
0.297702835933201
0.16016027440472133
0.16016027440472133
0.16016027440472133
0.16016027440472133
0.16016027440472133
0.20356657824066687
0.31401147174391125
0.258736768094548
0.258736768094548
0.20356657824066687
0.9024672059814524
0.16016027440472133
0.3425372403596083
0.16016027440472133
0.16016027440472133
0.20356657824066687
0.2795036595628978
0.16016027440472133
0.16016027440472133
0.16016027440472133
0.20356657824066687
0.16016027440472133
0.6603395941564949
0.31401147174391125
0.20356657824066687
0.16016027440472133
0.16016027440472133
0.16016027440472133
0.16016027440472133
0.2795036595628978
0.16016027440472133
0.16016027440472133
0.5739083133062709
0.16016027440472133
0.45153440086620583
0.23422394926614756
0.16016027440472133
0.20356657824066687
0.16016027440472133
0.20356657824066687
0.16016027440472133
0.16016027440472133
0.4179857671499995
0.20356657824066687
0.37838563819092647
0.31401147174391125
0.20356657824066687
0.16016027440472133
0.23422394926614756
0.16016027440472133
0.16016027440472133
0.16016027440472133
0.20356657824066687
0.20356657824066687
0.16016027440472133
0.20356657824066687
0.20356657824066687
0.31401147174391125
0.16016027440472133
0.16016027440472133
0.32885906784200303
0.16016027440472133
0.16016027440472133
0.16016027440472133
0.31401147174391125
0.16016027440472133
0.8874645576441486
0.297702835933201
0.258736768094548
0.20356657824066687
0.4353709694814982
0.23422394926614756
0.2795036595628978
0.16016027440472133
0.5072813070882014
0.16016027440472133
0.3425372403596083
0.16016027440472133
0.16016027440472133
0.16016027440472133
0.5977787723761803
0.3890109171742444
0.39911420649601176
0.20356657824066687
0.20356657824066687
0.16016027440472133
0.5788323638220142
0.20356657824066687
0.23422394926614756
0.20356657824066687
0.16016027440472133
0.20356657824066687
0.32885906784200303
0.2795036595628978
0.16016027440472133
0.16016027440472133
0.16016027440472133
0.20356657824066687
0.258736768094548
0.2795036595628978
0.16016027440472133
0.16016027440472133
0.16016027440472133
0.23422394926614756
1.098182805784454
0.20356657824066687
0.16016027440472133
0.16016027440472133
0.5586349262059028
0.16016027440472133
0.2795036595628978
0.16016027440472133
0.20356657824066687
0.20356657824066687
0.42684568456571864
0.23422394926614756
0.16016027440472133
0.23422394926614756
0.20356657824066687
0.16016027440472133
0.31401147174391125
0.16016027440472133
0.16016027440472133
0.23422394926614756
0.297702835933201
0.16016027440472133
0.16016027440472133
0.31401147174391125
0.5072813070882014
0.20356657824066687
0.31401147174391125
0.20356657824066687
0.16016027440472133
0.16016027440472133
0.2795036595628978
0.20356657824066687
0.16016027440472133
0.20356657824066687
0.23422394926614756
0.16016027440472133
0.23422394926614756
0.258736768094548
1.129365668186132
0.23422394926614756
0.31401147174391125
0.20356657824066687
0.16016027440472133
0.2795036595628978
0.32885906784200303
0.23422394926614756
0.2795036595628978
0.16016027440472133
0.16016027440472133
0.20356657824066687
0.23422394926614756
0.23422394926614756
0.36716425390450796
0.16016027440472133
0.16016027440472133
0.20356657824066687
0.23422394926614756
0.16016027440472133
0.23422394926614756
0.16016027440472133
0.16016027440472133
0.16016027440472133
0.16016027440472133
0.16016027440472133
0.23422394926614756
0.480934925394129
0.45153440086620583
0.16016027440472133
0.16016027440472133
0.16016027440472133
0.16016027440472133
0.16016027440472133
0.20356657824066687
0.16016027440472133
0.16016027440472133
0.2795036595628978
0.45153440086620583
0.36716425390450796
0.16016027440472133
0.16016027440472133
0.16016027440472133
0.37838563819092647
0.16016027440472133
0.16016027440472133
0.2795036595628978
0.16016027440472133
0.16016027440472133
0.16016027440472133
0.35525415896319223
0.20356657824066687
0.20356657824066687
0.16016027440472133
0.20356657824066687
0.3425372403596083
0.5739083133062709
0.16016027440472133
0.6895634595415208
0.31401147174391125
0.35525415896319223
0.297702835933201
0.20356657824066687
0.20356657824066687
0.16016027440472133
0.23422394926614756
0.5312673987871068
0.16016027440472133
0.23422394926614756
0.20356657824066687
0.16016027440472133
0.2795036595628978
0.31401147174391125
0.20356657824066687
0.20356657824066687
0.20356657824066687
0.16016027440472133
0.16016027440472133
0.23422394926614756
0.20356657824066687
0.16016027440472133
0.258736768094548
0.16016027440472133
0.16016027440472133
0.16016027440472133
0.16016027440472133
0.16016027440472133
0.16016027440472133
0.16016027440472133
0.258736768094548
0.23422394926614756
0.20356657824066687
0.37838563819092647
0.31401147174391125
0.23422394926614756
0.16016027440472133
0.23422394926614756
0.16016027440472133
0.16016027440472133
0.20356657824066687
0.16016027440472133
0.16016027440472133
0.23422394926614756
0.23422394926614756
0.36716425390450796
0.20356657824066687
0.16016027440472133
0.20356657824066687
0.297702835933201
0.20356657824066687
0.23422394926614756
0.20356657824066687
0.258736768094548
0.16016027440472133
0.2795036595628978
0.20356657824066687
0.16016027440472133
0.23422394926614756
0.16016027440472133
0.20356657824066687
0.16016027440472133
0.16016027440472133
0.16016027440472133
0.297702835933201
0.16016027440472133
0.2795036595628978
0.35525415896319223
0.16016027440472133
0.16016027440472133
0.258736768094548
0.48777573589590034
0.16016027440472133
0.16016027440472133
0.258736768094548
0.16016027440472133
0.16016027440472133
0.4739050615146051
0.16016027440472133
0.23422394926614756
0.23422394926614756
0.31401147174391125
0.16016027440472133
0.42684568456571864
0.16016027440472133
0.16016027440472133
0.16016027440472133
0.16016027440472133
0.23422394926614756
0.23422394926614756
0.16016027440472133
0.20356657824066687
0.16016027440472133
0.32885906784200303
0.23422394926614756
0.16016027440472133
0.16016027440472133
0.16016027440472133
0.16016027440472133
0.31401147174391125
0.16016027440472133
0.16016027440472133
0.16016027440472133
0.16016027440472133
0.2795036595628978
0.23422394926614756
0.16016027440472133
0.16016027440472133
0.16016027440472133
0.16016027440472133
0.23422394926614756
0.16016027440472133
0.2795036595628978
0.16016027440472133
0.20356657824066687
0.20356657824066687
0.31401147174391125
0.36716425390450796
0.16016027440472133
0.16016027440472133
0.16016027440472133
0.16016027440472133
0.16016027440472133
0.16016027440472133
0.16016027440472133
0.20356657824066687
0.16016027440472133
0.16016027440472133
0.16016027440472133
0.6112769067285465
0.20356657824066687
0.16016027440472133
0.258736768094548
0.16016027440472133
0.20356657824066687
0.297702835933201
0.16016027440472133
0.20356657824066687
0.16016027440472133
0.16016027440472133
0.23422394926614756
0.31401147174391125
0.20356657824066687
0.16016027440472133
0.16016027440472133
0.16016027440472133
0.16016027440472133
0.16016027440472133
0.16016027440472133
0.16016027440472133
0.2795036595628978
0.5638131896860485
0.20356657824066687
0.16016027440472133
0.16016027440472133
0.16016027440472133
0.2795036595628978
0.7597875296468539
0.23422394926614756
0.20356657824066687
0.16016027440472133
0.23422394926614756
0.16016027440472133
0.2795036595628978
0.16016027440472133
0.3425372403596083
0.23422394926614756
0.23422394926614756
0.16016027440472133
0.16016027440472133
0.16016027440472133
0.16016027440472133
0.20356657824066687
0.31401147174391125
0.20356657824066687
0.16016027440472133
0.16016027440472133
0.23422394926614756
0.23422394926614756
0.16016027440472133
0.20356657824066687
0.16016027440472133
0.16016027440472133
0.20356657824066687
0.16016027440472133
0.16016027440472133
0.23422394926614756
0.16016027440472133
0.16016027440472133
0.48777573589590034
0.23422394926614756
0.20356657824066687
0.258736768094548
0.258736768094548
0.20356657824066687
0.4087558617171855
0.20356657824066687
0.23422394926614756
0.16016027440472133
0.6678736476201654
0.2795036595628978
0.16016027440472133
0.20356657824066687
0.16016027440472133
0.16016027440472133
0.16016027440472133
0.20356657824066687
0.16016027440472133
0.16016027440472133
0.23422394926614756
0.20356657824066687
0.258736768094548
0.16016027440472133
0.4179857671499995
0.20356657824066687
0.5369537602161928
0.258736768094548
0.16016027440472133
0.16016027440472133
0.2795036595628978
0.16016027440472133
0.258736768094548
0.16016027440472133
0.16016027440472133
0.16016027440472133
0.32885906784200303
0.16016027440472133
0.16016027440472133
0.16016027440472133
0.258736768094548
0.16016027440472133
0.16016027440472133
0.258736768094548
0.5425285125590227
0.16016027440472133
0.20356657824066687
0.258736768094548
0.16016027440472133
0.16016027440472133
0.16016027440472133
0.20356657824066687
0.20356657824066687
0.16016027440472133
0.2795036595628978
0.16016027440472133
0.20356657824066687
0.16016027440472133
0.32885906784200303
0.16016027440472133
0.16016027440472133
0.16016027440472133
0.20356657824066687
0.16016027440472133
0.31401147174391125
0.16016027440472133
0.16016027440472133
0.16016027440472133
0.16016027440472133
0.20356657824066687
0.16016027440472133
0.16016027440472133
0.258736768094548
0.16016027440472133
0.23422394926614756
0.20356657824066687
0.32885906784200303
0.16016027440472133
0.16016027440472133
0.16016027440472133
0.16016027440472133
0.2795036595628978
0.16016027440472133
0.16016027440472133
0.16016027440472133
0.16016027440472133
0.16016027440472133
0.20356657824066687
0.16016027440472133
0.16016027440472133
0.16016027440472133
0.16016027440472133
0.5977787723761803
0.20356657824066687
0.3425372403596083
0.20356657824066687
0.16016027440472133
0.16016027440472133
0.23422394926614756
0.20356657824066687
0.16016027440472133
0.16016027440472133
0.16016027440472133
0.16016027440472133
0.45922128505397997
0.20356657824066687
0.16016027440472133
0.16016027440472133
0.20356657824066687
0.16016027440472133
0.16016027440472133
0.20356657824066687
0.23422394926614756
0.16016027440472133
0.16016027440472133
0.16016027440472133
0.20356657824066687
0.2795036595628978
0.2795036595628978
0.16016027440472133
0.16016027440472133
0.23422394926614756
0.31401147174391125
0.20356657824066687
0.20356657824066687
0.16016027440472133
0.5788323638220142
0.16016027440472133
0.16016027440472133
0.16016027440472133
0.16016027440472133
0.16016027440472133
0.258736768094548
0.16016027440472133
0.20356657824066687
0.16016027440472133
0.20356657824066687
0.16016027440472133
0.31401147174391125
0.16016027440472133
0.20356657824066687
0.20356657824066687
0.16016027440472133
0.20356657824066687
0.31401147174391125
0.20356657824066687
0.16016027440472133
0.16016027440472133
0.258736768094548
0.16016027440472133
0.35525415896319223
0.20356657824066687
0.3890109171742444
0.258736768094548
0.37838563819092647
0.31401147174391125
0.258736768094548
0.16016027440472133
0.49443984534713054
0.16016027440472133
0.4353709694814982
0.23422394926614756
0.23422394926614756
0.20356657824066687
0.16016027440472133
0.16016027440472133
0.16016027440472133
0.16016027440472133
0.16016027440472133
0.23422394926614756
0.16016027440472133
0.20356657824066687
0.16016027440472133
0.16016027440472133
0.23422394926614756
0.16016027440472133
0.37838563819092647
0.16016027440472133
0.16016027440472133
0.16016027440472133
0.16016027440472133
0.16016027440472133
0.16016027440472133
0.20356657824066687
0.2795036595628978
0.16016027440472133
0.16016027440472133
0.258736768094548
0.23422394926614756
0.16016027440472133
0.16016027440472133
0.16016027440472133
0.16016027440472133
0.20356657824066687
0.42684568456571864
0.23422394926614756
0.45153440086620583
0.258736768094548
0.16016027440472133
0.16016027440472133
0.16016027440472133
0.16016027440472133
0.16016027440472133
0.16016027440472133
0.16016027440472133
0.16016027440472133
0.16016027440472133
0.16016027440472133
0.20356657824066687
0.16016027440472133
0.37838563819092647
0.16016027440472133
1.3104813322783855
0.16016027440472133
0.16016027440472133
0.16016027440472133
0.16016027440472133
0.16016027440472133
0.16016027440472133
0.20356657824066687
0.16016027440472133
0.16016027440472133
0.5072813070882014
0.2795036595628978
0.16016027440472133
0.16016027440472133
0.16016027440472133
0.23422394926614756
0.16016027440472133
0.20356657824066687
0.36716425390450796
0.16016027440472133
0.16016027440472133
0.23422394926614756
0.16016027440472133
0.23422394926614756
0.23422394926614756
0.16016027440472133
0.23422394926614756
0.16016027440472133
0.7100349998533141
0.37838563819092647
0.16016027440472133
0.16016027440472133
0.16016027440472133
0.258736768094548
0.37838563819092647
0.23422394926614756
0.16016027440472133
0.16016027440472133
0.16016027440472133
0.258736768094548
0.16016027440472133
0.16016027440472133
0.23422394926614756
0.23422394926614756
0.16016027440472133
0.16016027440472133
0.16016027440472133
0.16016027440472133
0.46667234492091236
0.16016027440472133
0.16016027440472133
0.16016027440472133
0.16016027440472133
0.16016027440472133
0.23422394926614756
0.23422394926614756
0.48777573589590034
0.16016027440472133
0.16016027440472133
0.23422394926614756
0.16016027440472133
0.16016027440472133
0.16016027440472133
0.16016027440472133
0.16016027440472133
0.31401147174391125
0.16016027440472133
0.16016027440472133
0.16016027440472133
0.16016027440472133
0.32885906784200303
0.20356657824066687
0.20356657824066687
0.16016027440472133
0.16016027440472133
0.23422394926614756
0.44359185065419177
0.16016027440472133
0.36716425390450796
0.16016027440472133
0.16016027440472133
0.20356657824066687
0.16016027440472133
0.16016027440472133
0.16016027440472133
0.16016027440472133
0.16016027440472133
0.16016027440472133
0.23422394926614756
0.16016027440472133
0.20356657824066687
0.2795036595628978
0.31401147174391125
0.16016027440472133
0.32885906784200303
0.16016027440472133
0.6407565984038157
0.16016027440472133
0.16016027440472133
0.20356657824066687
0.297702835933201
0.16016027440472133
0.16016027440472133
0.16016027440472133
0.297702835933201
0.16016027440472133
0.44359185065419177
0.297702835933201
0.16016027440472133
0.16016027440472133
0.31401147174391125
0.16016027440472133
0.480934925394129
0.20356657824066687
0.16016027440472133
0.16016027440472133
0.258736768094548
0.16016027440472133
0.16016027440472133
0.16016027440472133
0.20356657824066687
0.16016027440472133
0.2795036595628978
0.16016027440472133
0.16016027440472133
0.20356657824066687
0.16016027440472133
0.16016027440472133
0.16016027440472133
0.16016027440472133
0.297702835933201
0.20356657824066687
0.16016027440472133
0.16016027440472133
0.16016027440472133
0.16016027440472133
0.16016027440472133
0.16016027440472133
0.2795036595628978
0.20356657824066687
0.20356657824066687
0.16016027440472133
0.4179857671499995
0.16016027440472133
0.20356657824066687
0.20356657824066687
0.16016027440472133
0.35525415896319223
0.20356657824066687
0.16016027440472133
0.16016027440472133
0.16016027440472133
0.20356657824066687
0.16016027440472133
0.3425372403596083
0.20356657824066687
0.16016027440472133
0.16016027440472133
0.16016027440472133
0.16016027440472133
0.16016027440472133
0.20356657824066687
0.20356657824066687
0.16016027440472133
0.16016027440472133
0.16016027440472133
0.16016027440472133
0.23422394926614756
0.20356657824066687
0.16016027440472133
0.4087558617171855
0.20356657824066687
0.4179857671499995
0.20356657824066687
0.16016027440472133
0.16016027440472133
0.16016027440472133
0.20356657824066687
0.16016027440472133
0.23422394926614756
0.36716425390450796
0.16016027440472133
0.16016027440472133
0.16016027440472133
0.16016027440472133
0.16016027440472133
0.16016027440472133
0.16016027440472133
0.16016027440472133
0.20356657824066687
0.20356657824066687
0.16016027440472133
0.23422394926614756
0.16016027440472133
0.16016027440472133
0.16016027440472133
0.3890109171742444
0.258736768094548
0.16016027440472133
0.20356657824066687
0.3890109171742444
0.16016027440472133
0.20356657824066687
0.16016027440472133
0.4179857671499995
0.20356657824066687
0.16016027440472133
0.16016027440472133
0.20356657824066687
0.258736768094548
0.16016027440472133
0.258736768094548
0.16016027440472133
0.16016027440472133
0.45153440086620583
0.23422394926614756
0.2795036595628978
0.16016027440472133
0.44359185065419177
0.20356657824066687
0.23422394926614756
0.16016027440472133
0.16016027440472133
0.16016027440472133
0.16016027440472133
0.16016027440472133
0.16016027440472133
0.258736768094548
0.297702835933201
0.16016027440472133
0.16016027440472133
0.23422394926614756
0.297702835933201
0.20356657824066687
0.16016027440472133
0.16016027440472133
0.16016027440472133
0.20356657824066687
0.16016027440472133
0.258736768094548
0.16016027440472133
0.20356657824066687
0.23422394926614756
0.258736768094548
0.16016027440472133
0.16016027440472133
0.258736768094548
0.16016027440472133
0.16016027440472133
0.16016027440472133
0.45922128505397997
0.16016027440472133
0.258736768094548
0.16016027440472133
0.16016027440472133
0.16016027440472133
0.20356657824066687
0.16016027440472133
0.23422394926614756
0.16016027440472133
0.20356657824066687
0.20356657824066687
0.16016027440472133
0.20356657824066687
0.45153440086620583
0.20356657824066687
0.16016027440472133
0.16016027440472133
0.16016027440472133
0.23422394926614756
0.36716425390450796
0.16016027440472133
0.20356657824066687
0.16016027440472133
0.31401147174391125
0.16016027440472133
0.23422394926614756
0.16016027440472133
0.16016027440472133
0.16016027440472133
0.23422394926614756
0.16016027440472133
0.16016027440472133
0.16016027440472133
0.16016027440472133
0.20356657824066687
0.16016027440472133
0.16016027440472133
0.16016027440472133
0.16016027440472133
0.16016027440472133
0.20356657824066687
0.42684568456571864
0.16016027440472133
0.16016027440472133
0.20356657824066687
0.297702835933201
0.258736768094548
0.39911420649601176
0.16016027440472133
0.16016027440472133
0.16016027440472133
0.5254635981750706
0.20356657824066687
0.23422394926614756
0.16016027440472133
0.16016027440472133
0.16016027440472133
0.16016027440472133
0.16016027440472133
0.16016027440472133
0.16016027440472133
0.16016027440472133
0.16016027440472133
0.258736768094548
0.16016027440472133
0.3890109171742444
0.20356657824066687
0.16016027440472133
0.16016027440472133
0.258736768094548
0.16016027440472133
0.258736768094548
0.16016027440472133
0.16016027440472133
0.16016027440472133
0.31401147174391125
0.16016027440472133
0.5072813070882014
0.31401147174391125
0.16016027440472133
0.16016027440472133
0.16016027440472133
0.20356657824066687
0.297702835933201
0.20356657824066687
0.16016027440472133
0.16016027440472133
0.16016027440472133
0.16016027440472133
0.258736768094548
0.16016027440472133
0.32885906784200303
0.20356657824066687
0.16016027440472133
0.16016027440472133
0.16016027440472133
0.16016027440472133
0.656510862120709
0.20356657824066687
0.4087558617171855
0.16016027440472133
0.20356657824066687
0.16016027440472133
0.6678736476201654
0.23422394926614756
0.2795036595628978
0.258736768094548
0.20356657824066687
0.20356657824066687
0.16016027440472133
0.16016027440472133
0.16016027440472133
0.16016027440472133
0.45922128505397997
0.16016027440472133
0.2795036595628978
0.16016027440472133
0.16016027440472133
0.16016027440472133
0.258736768094548
0.23422394926614756
0.16016027440472133
0.16016027440472133
0.16016027440472133
0.16016027440472133
0.20356657824066687
0.23422394926614756
0.2795036595628978
0.16016027440472133
0.16016027440472133
0.16016027440472133
0.44359185065419177
0.16016027440472133
0.32885906784200303
0.32885906784200303
0.20356657824066687
0.20356657824066687
0.37838563819092647
0.16016027440472133
0.39911420649601176
0.16016027440472133
0.20356657824066687
0.16016027440472133
0.16016027440472133
0.16016027440472133
0.20356657824066687
0.20356657824066687
0.4087558617171855
0.16016027440472133
0.20356657824066687
0.16016027440472133
0.16016027440472133
0.20356657824066687
0.16016027440472133
0.23422394926614756
0.20356657824066687
0.16016027440472133
0.297702835933201
0.16016027440472133
0.16016027440472133
0.16016027440472133
0.16016027440472133
0.16016027440472133
0.16016027440472133
0.16016027440472133
0.35525415896319223
0.20356657824066687
0.16016027440472133
0.16016027440472133
0.2795036595628978
0.258736768094548
0.48777573589590034
0.2795036595628978
0.16016027440472133
0.16016027440472133
0.20356657824066687
0.16016027440472133
0.16016027440472133
0.258736768094548
0.16016027440472133
0.16016027440472133
0.16016027440472133
0.16016027440472133
0.16016027440472133
0.16016027440472133
0.23422394926614756
0.16016027440472133
0.20356657824066687
0.258736768094548
0.16016027440472133
0.16016027440472133
0.9429247314751525
0.16016027440472133
0.6068404512949372
0.16016027440472133
0.16016027440472133
0.16016027440472133
0.16016027440472133
0.16016027440472133
0.5836784808291066
0.16016027440472133
0.5134777735008726
0.20356657824066687
0.16016027440472133
0.16016027440472133
0.16016027440472133
0.16016027440472133
0.16016027440472133
0.23422394926614756
0.45153440086620583
0.23422394926614756
0.4179857671499995
0.16016027440472133
0.16016027440472133
0.23422394926614756
0.16016027440472133
0.16016027440472133
0.20356657824066687
0.20356657824066687
0.31401147174391125
0.23422394926614756
0.20356657824066687
0.16016027440472133
0.16016027440472133
0.20356657824066687
0.297702835933201
0.20356657824066687
0.20356657824066687
0.16016027440472133
0.20356657824066687
0.16016027440472133
0.20356657824066687
0.16016027440472133
0.49443984534713054
0.16016027440472133
0.32885906784200303
0.20356657824066687
0.297702835933201
0.16016027440472133
0.16016027440472133
0.20356657824066687
0.20356657824066687
0.16016027440472133
0.20356657824066687
0.16016027440472133
0.16016027440472133
0.16016027440472133
0.16016027440472133
0.16016027440472133
0.258736768094548
0.16016027440472133
0.23422394926614756
0.2795036595628978
0.16016027440472133
0.16016027440472133
0.16016027440472133
0.16016027440472133
0.16016027440472133
0.16016027440472133
0.16016027440472133
0.23422394926614756
0.16016027440472133
0.16016027440472133
0.16016027440472133
0.23422394926614756
0.297702835933201
0.16016027440472133
0.16016027440472133
0.16016027440472133
0.16016027440472133
0.16016027440472133
0.45153440086620583
0.20356657824066687
0.16016027440472133
0.16016027440472133
0.258736768094548
0.20356657824066687
0.16016027440472133
0.16016027440472133
0.20356657824066687
0.20356657824066687
0.16016027440472133
0.16016027440472133
0.2795036595628978
0.16016027440472133
0.5884497102574506
0.20356657824066687
0.2795036595628978
0.16016027440472133
0.20356657824066687
0.20356657824066687
0.16016027440472133
0.16016027440472133
0.16016027440472133
0.16016027440472133
0.297702835933201
0.16016027440472133
0.16016027440472133
0.16016027440472133
0.258736768094548
0.16016027440472133
0.5638131896860485
0.16016027440472133
0.16016027440472133
0.16016027440472133
0.16016027440472133
0.16016027440472133
0.20356657824066687
0.16016027440472133
0.16016027440472133
0.2795036595628978
0.16016027440472133
0.16016027440472133
0.20356657824066687
0.20356657824066687
0.2795036595628978
0.16016027440472133
0.20356657824066687
0.20356657824066687
0.4353709694814982
0.16016027440472133
0.23422394926614756
0.20356657824066687
0.16016027440472133
0.16016027440472133
0.35525415896319223
0.20356657824066687
0.3425372403596083
0.16016027440472133
0.16016027440472133
0.20356657824066687
0.5739083133062709
0.16016027440472133
0.16016027440472133
0.20356657824066687
0.16016027440472133
0.20356657824066687
0.16016027440472133
0.23422394926614756
0.44359185065419177
0.16016027440472133
0.54799703499114
0.16016027440472133
0.258736768094548
0.16016027440472133
0.5072813070882014
0.16016027440472133
0.20356657824066687
0.20356657824066687
0.35525415896319223
0.20356657824066687
0.20356657824066687
0.16016027440472133
0.16016027440472133
0.16016027440472133
0.16016027440472133
0.16016027440472133
0.2795036595628978
0.16016027440472133
0.297702835933201
0.16016027440472133
0.6487241328018171
0.2795036595628978
0.23422394926614756
0.20356657824066687
0.16016027440472133
0.20356657824066687
0.44359185065419177
0.16016027440472133
0.16016027440472133
0.20356657824066687
0.20356657824066687
0.20356657824066687
0.297702835933201
0.16016027440472133
0.2795036595628978
0.16016027440472133
0.23422394926614756
0.16016027440472133
0.32885906784200303
0.16016027440472133
0.16016027440472133
0.20356657824066687
0.16016027440472133
0.16016027440472133
0.4087558617171855
0.16016027440472133
0.20356657824066687
0.16016027440472133
0.16016027440472133
0.16016027440472133
0.258736768094548
0.16016027440472133
0.2795036595628978
0.16016027440472133
0.5254635981750706
0.16016027440472133
0.16016027440472133
0.16016027440472133
0.16016027440472133
0.16016027440472133
0.4179857671499995
0.20356657824066687
0.36716425390450796
0.16016027440472133
0.896095597557692
0.16016027440472133
0.45153440086620583
0.16016027440472133
0.2795036595628978
0.23422394926614756
0.23422394926614756
0.23422394926614756
0.16016027440472133
0.20356657824066687
0.2795036595628978
0.23422394926614756
0.16016027440472133
0.16016027440472133
0.48777573589590034
0.20356657824066687
0.44359185065419177
0.16016027440472133
0.258736768094548
0.20356657824066687
0.16016027440472133
0.16016027440472133
0.16016027440472133
0.16016027440472133
0.16016027440472133
0.16016027440472133
0.16016027440472133
0.2795036595628978
0.20356657824066687
0.16016027440472133
0.2795036595628978
0.16016027440472133
0.16016027440472133
0.16016027440472133
0.16016027440472133
0.16016027440472133
0.16016027440472133
0.20356657824066687
0.16016027440472133
0.16016027440472133
0.23422394926614756
0.20356657824066687
0.16016027440472133
0.20356657824066687
0.16016027440472133
0.16016027440472133
0.16016027440472133
0.16016027440472133
0.16016027440472133
0.16016027440472133
0.4179857671499995
0.16016027440472133
0.20356657824066687
0.16016027440472133
0.258736768094548
0.20356657824066687
0.258736768094548
0.16016027440472133
0.2795036595628978
0.16016027440472133
0.16016027440472133
0.16016027440472133
0.16016027440472133
0.23422394926614756
0.16016027440472133
0.20356657824066687
0.46667234492091236
0.16016027440472133
0.20356657824066687
0.16016027440472133
0.16016027440472133
0.16016027440472133
0.16016027440472133
0.16016027440472133
0.16016027440472133
0.23422394926614756
0.16016027440472133
0.16016027440472133
0.23422394926614756
0.16016027440472133
0.20356657824066687
0.20356657824066687
0.16016027440472133
0.16016027440472133
0.16016027440472133
0.20356657824066687
0.16016027440472133
0.23422394926614756
0.20356657824066687
0.16016027440472133
0.16016027440472133
0.20356657824066687
0.16016027440472133
0.297702835933201
0.23422394926614756
0.16016027440472133
0.4353709694814982
0.16016027440472133
0.16016027440472133
0.16016027440472133
0.35525415896319223
0.16016027440472133
0.16016027440472133
0.23422394926614756
0.16016027440472133
0.16016027440472133
0.6068404512949372
0.16016027440472133
0.16016027440472133
0.16016027440472133
0.23422394926614756
0.16016027440472133
0.16016027440472133
0.16016027440472133
0.23422394926614756
0.16016027440472133
0.16016027440472133
0.20356657824066687
0.297702835933201
0.20356657824066687
0.16016027440472133
0.16016027440472133
0.32885906784200303
0.16016027440472133
0.20356657824066687
0.20356657824066687
0.20356657824066687
0.16016027440472133
0.16016027440472133
0.16016027440472133
0.20356657824066687
0.16016027440472133
0.16016027440472133
0.16016027440472133
0.16016027440472133
0.16016027440472133
0.20356657824066687
0.16016027440472133
0.16016027440472133
0.23422394926614756
0.31401147174391125
0.16016027440472133
0.4739050615146051
0.16016027440472133
0.16016027440472133
0.16016027440472133
0.16016027440472133
0.20356657824066687
0.20356657824066687
0.20356657824066687
0.2795036595628978
0.16016027440472133
0.35525415896319223
0.16016027440472133
0.16016027440472133
0.20356657824066687
0.258736768094548
0.20356657824066687
0.16016027440472133
0.16016027440472133
0.16016027440472133
0.16016027440472133
0.45153440086620583
0.16016027440472133
0.16016027440472133
0.16016027440472133
0.258736768094548
0.16016027440472133
0.16016027440472133
0.16016027440472133
0.23422394926614756
0.20356657824066687
0.2795036595628978
0.16016027440472133
0.16016027440472133
0.16016027440472133
0.16016027440472133
0.16016027440472133
0.16016027440472133
0.16016027440472133
0.16016027440472133
0.16016027440472133
0.16016027440472133
0.16016027440472133
0.5009383600643357
0.16016027440472133
0.16016027440472133
0.16016027440472133
0.258736768094548
0.20356657824066687
0.23422394926614756
0.16016027440472133
0.16016027440472133
0.16016027440472133
0.636701630581009
0.16016027440472133
0.16016027440472133
0.16016027440472133
0.16016027440472133
0.16016027440472133
0.32885906784200303
0.16016027440472133
0.20356657824066687
0.16016027440472133
0.45922128505397997
0.20356657824066687
0.16016027440472133
0.20356657824066687
0.16016027440472133
0.20356657824066687
0.16016027440472133
0.16016027440472133
0.16016027440472133
0.20356657824066687
0.258736768094548
0.23422394926614756
0.16016027440472133
0.16016027440472133
0.16016027440472133
0.23422394926614756
0.23422394926614756
0.16016027440472133
0.16016027440472133
0.2795036595628978
0.16016027440472133
0.16016027440472133
0.16016027440472133
0.16016027440472133
0.16016027440472133
0.16016027440472133
0.4739050615146051
0.16016027440472133
0.297702835933201
0.20356657824066687
0.258736768094548
0.16016027440472133
0.16016027440472133
0.23422394926614756
0.16016027440472133
0.16016027440472133
0.20356657824066687
0.23422394926614756
0.20356657824066687
0.16016027440472133
0.258736768094548
0.16016027440472133
0.6752503821804334
0.16016027440472133
0.16016027440472133
0.20356657824066687
0.16016027440472133
0.16016027440472133
0.3425372403596083
0.16016027440472133
0.16016027440472133
0.16016027440472133
0.35525415896319223
0.20356657824066687
0.297702835933201
0.16016027440472133
0.258736768094548
0.16016027440472133
0.16016027440472133
0.16016027440472133
0.16016027440472133
0.16016027440472133
0.16016027440472133
0.16016027440472133
0.35525415896319223
0.20356657824066687
0.16016027440472133
0.20356657824066687
0.16016027440472133
0.16016027440472133
0.16016027440472133
0.20356657824066687
0.16016027440472133
0.20356657824066687
0.4087558617171855
0.16016027440472133
0.48777573589590034
0.16016027440472133
0.2795036595628978
0.16016027440472133
0.16016027440472133
0.16016027440472133
0.23422394926614756
0.20356657824066687
0.16016027440472133
0.16016027440472133
0.16016027440472133
0.16016027440472133
0.2795036595628978
0.20356657824066687
0.3425372403596083
0.16016027440472133
0.16016027440472133
0.16016027440472133
0.20356657824066687
0.16016027440472133
0.16016027440472133
0.16016027440472133
0.297702835933201
0.16016027440472133
0.848879371919596
0.16016027440472133
0.2795036595628978
0.16016027440472133
0.23422394926614756
0.16016027440472133
0.3425372403596083
0.16016027440472133
0.16016027440472133
0.16016027440472133
0.32885906784200303
0.16016027440472133
0.258736768094548
0.16016027440472133
0.258736768094548
0.16016027440472133
0.16016027440472133
0.16016027440472133
0.20356657824066687
0.16016027440472133
0.39911420649601176
0.31401147174391125
0.16016027440472133
0.16016027440472133
0.16016027440472133
0.16016027440472133
0.20356657824066687
0.16016027440472133
0.23422394926614756
0.16016027440472133
0.16016027440472133
0.16016027440472133
0.36716425390450796
0.258736768094548
0.16016027440472133
0.16016027440472133
0.16016027440472133
0.16016027440472133
0.16016027440472133
0.16016027440472133
0.20356657824066687
0.16016027440472133
0.16016027440472133
0.16016027440472133
0.16016027440472133
0.16016027440472133
0.16016027440472133
0.16016027440472133
0.16016027440472133
0.16016027440472133
0.16016027440472133
0.16016027440472133
0.20356657824066687
0.16016027440472133
0.16016027440472133
0.16016027440472133
0.258736768094548
0.23422394926614756
0.16016027440472133
0.16016027440472133
0.16016027440472133
0.16016027440472133
0.20356657824066687
0.16016027440472133
0.16016027440472133
0.258736768094548
0.16016027440472133
0.16016027440472133
0.297702835933201
0.16016027440472133
0.16016027440472133
0.16016027440472133
0.16016027440472133
0.23422394926614756
0.16016027440472133
0.16016027440472133
0.16016027440472133
0.23422394926614756
0.16016027440472133
0.16016027440472133
0.16016027440472133
0.23422394926614756
0.297702835933201
0.16016027440472133
0.16016027440472133
0.16016027440472133
0.258736768094548
0.16016027440472133
0.16016027440472133
0.16016027440472133
0.16016027440472133
0.16016027440472133
0.16016027440472133
0.20356657824066687
0.4353709694814982
0.20356657824066687
0.16016027440472133
0.16016027440472133
0.16016027440472133
0.16016027440472133
0.16016027440472133
0.16016027440472133
0.46667234492091236
0.16016027440472133
0.16016027440472133
0.16016027440472133
0.32885906784200303
0.20356657824066687
0.16016027440472133
0.16016027440472133
0.16016027440472133
0.16016027440472133
0.5134777735008726
0.20356657824066687
0.16016027440472133
0.16016027440472133
0.23422394926614756
0.23422394926614756
0.20356657824066687
0.16016027440472133
0.258736768094548
0.16016027440472133
0.16016027440472133
0.16016027440472133
0.16016027440472133
0.20356657824066687
0.16016027440472133
0.16016027440472133
0.3425372403596083
0.16016027440472133
0.2795036595628978
0.20356657824066687
0.37838563819092647
0.16016027440472133
0.16016027440472133
0.16016027440472133
0.2795036595628978
0.20356657824066687
0.16016027440472133
0.20356657824066687
0.32885906784200303
0.16016027440472133
0.16016027440472133
0.16016027440472133
0.16016027440472133
0.16016027440472133
0.16016027440472133
0.16016027440472133
0.16016027440472133
0.16016027440472133
0.5884497102574506
0.16016027440472133
0.20356657824066687
0.16016027440472133
0.16016027440472133
0.16016027440472133
0.4087558617171855
0.32885906784200303
0.16016027440472133
0.16016027440472133
0.16016027440472133
0.16016027440472133
0.16016027440472133
0.16016027440472133
0.20356657824066687
0.20356657824066687
0.32885906784200303
0.16016027440472133
0.23422394926614756
0.16016027440472133
0.16016027440472133
0.20356657824066687
0.16016027440472133
0.16016027440472133
0.20356657824066687
0.16016027440472133
0.16016027440472133
0.16016027440472133
0.49443984534713054
0.23422394926614756
0.20356657824066687
0.16016027440472133
0.16016027440472133
0.16016027440472133
0.16016027440472133
0.16016027440472133
0.16016027440472133
0.16016027440472133
0.23422394926614756
0.16016027440472133
0.297702835933201
0.16016027440472133
0.16016027440472133
0.16016027440472133
0.16016027440472133
0.16016027440472133
0.16016027440472133
0.20356657824066687
0.16016027440472133
0.16016027440472133
0.16016027440472133
0.16016027440472133
0.16016027440472133
0.16016027440472133
0.16016027440472133
0.16016027440472133
0.16016027440472133
0.16016027440472133
0.23422394926614756
0.20356657824066687
0.16016027440472133
0.16016027440472133
0.16016027440472133
0.16016027440472133
0.32885906784200303
0.16016027440472133
0.20356657824066687
0.16016027440472133
0.42684568456571864
0.16016027440472133
0.20356657824066687
0.16016027440472133
0.16016027440472133
0.16016027440472133
0.16016027440472133
0.16016027440472133
0.16016027440472133
0.16016027440472133
0.297702835933201
0.16016027440472133
0.16016027440472133
0.16016027440472133
0.16016027440472133
0.16016027440472133
0.20356657824066687
0.16016027440472133
0.297702835933201
0.16016027440472133
0.258736768094548
0.16016027440472133
0.35525415896319223
0.16016027440472133
0.20356657824066687
0.16016027440472133
0.32885906784200303
0.16016027440472133
0.16016027440472133
0.23422394926614756
0.297702835933201
0.16016027440472133
0.16016027440472133
0.16016027440472133
0.31401147174391125
0.16016027440472133
0.20356657824066687
0.16016027440472133
0.258736768094548
0.297702835933201
0.23422394926614756
0.20356657824066687
0.20356657824066687
0.16016027440472133
0.16016027440472133
0.16016027440472133
0.258736768094548
0.16016027440472133
0.20356657824066687
0.20356657824066687
0.16016027440472133
0.16016027440472133
0.23422394926614756
0.16016027440472133
0.3425372403596083
0.16016027440472133
0.36716425390450796
0.16016027440472133
0.36716425390450796
0.2795036595628978
0.16016027440472133
0.16016027440472133
0.20356657824066687
0.16016027440472133
0.16016027440472133
0.16016027440472133
0.2795036595628978
0.20356657824066687
0.16016027440472133
0.297702835933201
0.20356657824066687
0.16016027440472133
0.16016027440472133
0.16016027440472133
0.2795036595628978
0.16016027440472133
0.16016027440472133
0.20356657824066687
0.16016027440472133
0.20356657824066687
0.16016027440472133
0.16016027440472133
0.16016027440472133
0.16016027440472133
0.20356657824066687
0.16016027440472133
0.16016027440472133
0.16016027440472133
0.16016027440472133
0.23422394926614756
0.16016027440472133
0.16016027440472133
0.23422394926614756
0.20356657824066687
0.16016027440472133
0.20356657824066687
0.16016027440472133
0.20356657824066687
0.16016027440472133
0.20356657824066687
0.16016027440472133
0.16016027440472133
0.16016027440472133
0.16016027440472133
0.16016027440472133
0.16016027440472133
0.16016027440472133
0.16016027440472133
0.16016027440472133
0.16016027440472133
0.20356657824066687
0.16016027440472133
0.16016027440472133
0.16016027440472133
0.16016027440472133
0.16016027440472133
0.31401147174391125
0.16016027440472133
0.16016027440472133
0.16016027440472133
0.16016027440472133
0.16016027440472133
0.16016027440472133
0.16016027440472133
0.32885906784200303
0.16016027440472133
0.16016027440472133
0.16016027440472133
0.16016027440472133
0.20356657824066687
0.20356657824066687
0.20356657824066687
0.16016027440472133
0.16016027440472133
0.16016027440472133
0.16016027440472133
0.20356657824066687
0.16016027440472133
0.16016027440472133
0.16016027440472133
0.258736768094548
0.16016027440472133
0.23422394926614756
0.16016027440472133
0.16016027440472133
0.16016027440472133
0.20356657824066687
0.16016027440472133
0.16016027440472133
0.32885906784200303
0.5788323638220142
0.16016027440472133
0.16016027440472133
0.16016027440472133
0.20356657824066687
0.16016027440472133
0.16016027440472133
0.16016027440472133
0.20356657824066687
0.2795036595628978
0.16016027440472133
0.16016027440472133
0.16016027440472133
0.20356657824066687
0.258736768094548
0.16016027440472133
0.16016027440472133
0.16016027440472133
0.16016027440472133
0.20356657824066687
0.20356657824066687
0.16016027440472133
0.16016027440472133
0.16016027440472133
0.20356657824066687
0.16016027440472133
0.36716425390450796
0.16016027440472133
0.16016027440472133
0.16016027440472133
0.16016027440472133
0.16016027440472133
0.16016027440472133
0.16016027440472133
0.23422394926614756
0.20356657824066687
0.2795036595628978
0.16016027440472133
0.2795036595628978
0.16016027440472133
0.16016027440472133
0.16016027440472133
0.16016027440472133
0.16016027440472133
0.20356657824066687
0.20356657824066687
0.16016027440472133
0.16016027440472133
0.16016027440472133
0.20356657824066687
0.23422394926614756
0.16016027440472133
0.16016027440472133
0.20356657824066687
0.16016027440472133
0.16016027440472133
0.16016027440472133
0.16016027440472133
0.45153440086620583
0.258736768094548
0.16016027440472133
0.16016027440472133
0.16016027440472133
0.16016027440472133
0.16016027440472133
0.16016027440472133
0.16016027440472133
0.16016027440472133
0.4179857671499995
0.23422394926614756
0.20356657824066687
0.16016027440472133
0.16016027440472133
0.16016027440472133
0.16016027440472133
0.20356657824066687
0.44359185065419177
0.16016027440472133
0.20356657824066687
0.258736768094548
0.16016027440472133
0.16016027440472133
0.2795036595628978
0.16016027440472133
0.36716425390450796
0.16016027440472133
0.23422394926614756
0.16016027440472133
0.32885906784200303
0.20356657824066687
0.297702835933201
0.16016027440472133
0.20356657824066687
0.16016027440472133
0.20356657824066687
0.16016027440472133
0.16016027440472133
0.16016027440472133
0.16016027440472133
0.23422394926614756
0.5195360236166637
0.16016027440472133
0.16016027440472133
0.16016027440472133
0.16016027440472133
0.16016027440472133
0.16016027440472133
0.16016027440472133
0.16016027440472133
0.16016027440472133
0.16016027440472133
0.16016027440472133
0.16016027440472133
0.16016027440472133
0.31401147174391125
0.16016027440472133
0.31401147174391125
0.16016027440472133
0.20356657824066687
0.16016027440472133
0.23422394926614756
0.16016027440472133
0.16016027440472133
0.16016027440472133
0.23422394926614756
0.20356657824066687
0.23422394926614756
0.16016027440472133
0.16016027440472133
0.16016027440472133
0.16016027440472133
0.16016027440472133
0.16016027440472133
0.16016027440472133
0.16016027440472133
0.16016027440472133
0.258736768094548
0.16016027440472133
0.16016027440472133
0.16016027440472133
0.16016027440472133
0.16016027440472133
0.16016027440472133
0.16016027440472133
0.16016027440472133
0.23422394926614756
0.20356657824066687
0.16016027440472133
0.16016027440472133
0.16016027440472133
0.16016027440472133
0.16016027440472133
0.16016027440472133
0.16016027440472133
0.16016027440472133
0.16016027440472133
0.16016027440472133
0.16016027440472133
0.20356657824066687
0.16016027440472133
0.16016027440472133
0.16016027440472133
0.20356657824066687
0.16016027440472133
0.16016027440472133
0.16016027440472133
0.16016027440472133
0.258736768094548
0.20356657824066687
0.16016027440472133
0.16016027440472133
0.16016027440472133
0.16016027440472133
0.16016027440472133
0.16016027440472133
0.16016027440472133
0.16016027440472133
0.16016027440472133
0.16016027440472133
0.16016027440472133
0.16016027440472133
0.16016027440472133
0.16016027440472133
0.16016027440472133
0.16016027440472133
0.16016027440472133
0.49443984534713054
0.258736768094548
0.20356657824066687
0.16016027440472133
0.2795036595628978
0.20356657824066687
0.2795036595628978
0.16016027440472133
0.16016027440472133
0.16016027440472133
0.20356657824066687
0.16016027440472133
0.16016027440472133
0.16016027440472133
0.20356657824066687
0.16016027440472133
0.16016027440472133
0.16016027440472133
0.5195360236166637
0.16016027440472133
0.20356657824066687
0.2795036595628978
0.16016027440472133
0.16016027440472133
0.16016027440472133
0.16016027440472133
0.16016027440472133
0.16016027440472133
0.20356657824066687
0.16016027440472133
0.39911420649601176
0.16016027440472133
0.16016027440472133
0.16016027440472133
0.16016027440472133
0.16016027440472133
1.049593153391343
0.16016027440472133
0.16016027440472133
0.16016027440472133
0.20356657824066687
0.20356657824066687
0.16016027440472133
0.16016027440472133
0.20356657824066687
0.16016027440472133
0.5134777735008726
0.16016027440472133
0.16016027440472133
0.16016027440472133
0.4179857671499995
0.16016027440472133
0.16016027440472133
0.16016027440472133
0.5254635981750706
0.16016027440472133
0.31401147174391125
0.16016027440472133
0.16016027440472133
0.16016027440472133
0.16016027440472133
0.16016027440472133
0.297702835933201
0.16016027440472133
0.258736768094548
0.16016027440472133
0.20356657824066687
0.16016027440472133
0.16016027440472133
0.16016027440472133
0.23422394926614756
0.20356657824066687
0.20356657824066687
0.16016027440472133
0.16016027440472133
0.16016027440472133
0.16016027440472133
0.16016027440472133
0.36716425390450796
0.16016027440472133
0.23422394926614756
0.16016027440472133
0.16016027440472133
0.16016027440472133
0.297702835933201
0.16016027440472133
0.20356657824066687
0.20356657824066687
0.16016027440472133
0.16016027440472133
0.16016027440472133
0.16016027440472133
0.2795036595628978
0.16016027440472133
0.20356657824066687
0.16016027440472133
0.16016027440472133
0.16016027440472133
0.258736768094548
0.16016027440472133
0.16016027440472133
0.16016027440472133
0.20356657824066687
0.16016027440472133
0.4087558617171855
0.16016027440472133
0.31401147174391125
0.16016027440472133
0.16016027440472133
0.16016027440472133
0.16016027440472133
0.16016027440472133
0.16016027440472133
0.16016027440472133
0.16016027440472133
0.16016027440472133
0.23422394926614756
0.16016027440472133
0.2795036595628978
0.16016027440472133
0.20356657824066687
0.20356657824066687
0.16016027440472133
0.16016027440472133
0.16016027440472133
0.23422394926614756
0.2795036595628978
0.16016027440472133
0.16016027440472133
0.16016027440472133
0.23422394926614756
0.16016027440472133
0.16016027440472133
0.20356657824066687
0.16016027440472133
0.16016027440472133
0.20356657824066687
0.16016027440472133
0.16016027440472133
0.16016027440472133
0.16016027440472133
0.20356657824066687
0.16016027440472133
0.23422394926614756
0.16016027440472133
0.16016027440472133
0.36716425390450796
0.16016027440472133
0.258736768094548
0.16016027440472133
0.297702835933201
0.16016027440472133
0.16016027440472133
0.20356657824066687
0.23422394926614756
0.16016027440472133
0.16016027440472133
0.16016027440472133
0.258736768094548
0.16016027440472133
0.23422394926614756
0.16016027440472133
0.16016027440472133
0.20356657824066687
0.16016027440472133
0.16016027440472133
0.44359185065419177
0.16016027440472133
0.5009383600643357
0.20356657824066687
0.16016027440472133
0.16016027440472133
0.258736768094548
0.16016027440472133
0.20356657824066687
0.20356657824066687
0.615653318235514
0.16016027440472133
0.20356657824066687
0.16016027440472133
0.16016027440472133
0.16016027440472133
0.5739083133062709
0.258736768094548
0.23422394926614756
0.16016027440472133
0.258736768094548
0.16016027440472133
0.16016027440472133
0.16016027440472133
0.258736768094548
0.20356657824066687
0.20356657824066687
0.16016027440472133
0.713340181529879
0.16016027440472133
0.4179857671499995
0.16016027440472133
0.16016027440472133
0.20356657824066687
0.16016027440472133
0.16016027440472133
0.16016027440472133
0.16016027440472133
0.16016027440472133
0.16016027440472133
0.16016027440472133
0.16016027440472133
0.16016027440472133
0.16016027440472133
0.16016027440472133
0.16016027440472133
0.36716425390450796
0.16016027440472133
0.20356657824066687
0.16016027440472133
0.16016027440472133
0.20356657824066687
0.16016027440472133
0.16016027440472133
0.20356657824066687
0.16016027440472133
0.20356657824066687
0.16016027440472133
0.16016027440472133
0.16016027440472133
0.258736768094548
0.16016027440472133
0.23422394926614756
0.16016027440472133
0.16016027440472133
0.16016027440472133
0.32885906784200303
0.16016027440472133
0.20356657824066687
0.16016027440472133
0.45153440086620583
0.16016027440472133
0.16016027440472133
0.16016027440472133
0.35525415896319223
0.16016027440472133
0.20356657824066687
0.16016027440472133
0.16016027440472133
0.20356657824066687
0.49443984534713054
0.20356657824066687
0.258736768094548
0.20356657824066687
0.20356657824066687
0.16016027440472133
0.16016027440472133
0.16016027440472133
0.16016027440472133
0.16016027440472133
0.2795036595628978
0.20356657824066687
0.16016027440472133
0.16016027440472133
0.16016027440472133
0.16016027440472133
0.16016027440472133
0.258736768094548
0.35525415896319223
0.20356657824066687
0.23422394926614756
0.20356657824066687
0.258736768094548
0.23422394926614756
0.7597875296468539
0.16016027440472133
0.297702835933201
0.16016027440472133
0.20356657824066687
0.16016027440472133
0.3425372403596083
0.16016027440472133
0.23422394926614756
0.16016027440472133
0.8465045575212569
0.16016027440472133
0.16016027440472133
0.16016027440472133
0.45922128505397997
0.16016027440472133
0.20356657824066687
0.16016027440472133
0.16016027440472133
0.16016027440472133
0.16016027440472133
0.20356657824066687
0.16016027440472133
0.16016027440472133
0.16016027440472133
0.16016027440472133
0.16016027440472133
0.16016027440472133
0.258736768094548
0.16016027440472133
0.16016027440472133
0.20356657824066687
0.16016027440472133
0.16016027440472133
0.2795036595628978
0.16016027440472133
0.16016027440472133
0.16016027440472133
0.3890109171742444
0.16016027440472133
0.31401147174391125
0.20356657824066687
0.20356657824066687
0.16016027440472133
0.20356657824066687
0.20356657824066687
0.16016027440472133
0.20356657824066687
0.31401147174391125
0.16016027440472133
0.16016027440472133
0.16016027440472133
0.480934925394129
0.16016027440472133
0.297702835933201
0.16016027440472133
0.16016027440472133
0.23422394926614756
0.16016027440472133
0.20356657824066687
0.31401147174391125
0.16016027440472133
0.23422394926614756
0.16016027440472133
0.258736768094548
0.16016027440472133
0.31401147174391125
0.16016027440472133
0.20356657824066687
0.20356657824066687
0.20356657824066687
0.16016027440472133
0.20356657824066687
0.16016027440472133
0.16016027440472133
0.16016027440472133
0.16016027440472133
0.20356657824066687
0.20356657824066687
0.16016027440472133
0.31401147174391125
0.16016027440472133
0.16016027440472133
0.20356657824066687
0.297702835933201
0.16016027440472133
0.16016027440472133
0.16016027440472133
0.16016027440472133
0.16016027440472133
0.16016027440472133
0.16016027440472133
0.3425372403596083
0.16016027440472133
0.16016027440472133
0.16016027440472133
0.16016027440472133
0.20356657824066687
0.644763629890197
0.16016027440472133
0.16016027440472133
0.16016027440472133
0.16016027440472133
0.16016027440472133
0.16016027440472133
0.16016027440472133
0.16016027440472133
0.16016027440472133
0.23422394926614756
0.20356657824066687
0.16016027440472133
0.16016027440472133
0.16016027440472133
0.16016027440472133
0.16016027440472133
0.16016027440472133
0.16016027440472133
0.16016027440472133
0.16016027440472133
0.16016027440472133
0.16016027440472133
0.16016027440472133
0.16016027440472133
0.16016027440472133
0.16016027440472133
0.16016027440472133
0.258736768094548
0.16016027440472133
0.3890109171742444
0.16016027440472133
0.23422394926614756
0.16016027440472133
0.16016027440472133
0.16016027440472133
0.16016027440472133
0.16016027440472133
0.23422394926614756
0.20356657824066687
0.16016027440472133
0.16016027440472133
0.16016027440472133
0.16016027440472133
0.16016027440472133
0.16016027440472133
0.258736768094548
0.16016027440472133
0.20356657824066687
0.16016027440472133
0.3890109171742444
0.16016027440472133
0.258736768094548
0.16016027440472133
0.16016027440472133
0.16016027440472133
0.23422394926614756
0.16016027440472133
0.16016027440472133
0.16016027440472133
0.16016027440472133
0.16016027440472133
0.31401147174391125
0.16016027440472133
0.16016027440472133
0.16016027440472133
0.16016027440472133
0.16016027440472133
0.16016027440472133
0.16016027440472133
0.23422394926614756
0.16016027440472133
0.4739050615146051
0.16016027440472133
0.258736768094548
0.16016027440472133
0.5254635981750706
0.16016027440472133
0.16016027440472133
0.16016027440472133
0.16016027440472133
0.16016027440472133
0.16016027440472133
0.16016027440472133
0.23422394926614756
0.16016027440472133
0.16016027440472133
0.16016027440472133
0.4739050615146051
0.16016027440472133
0.4739050615146051
0.16016027440472133
0.16016027440472133
0.16016027440472133
0.20356657824066687
0.16016027440472133
0.16016027440472133
0.16016027440472133
0.16016027440472133
0.16016027440472133
0.16016027440472133
0.16016027440472133
0.20356657824066687
0.16016027440472133
0.16016027440472133
0.16016027440472133
0.16016027440472133
0.16016027440472133
0.16016027440472133
0.16016027440472133
0.8295164334463934
0.16016027440472133
0.23422394926614756
0.16016027440472133
0.16016027440472133
0.16016027440472133
0.16016027440472133
0.16016027440472133
0.16016027440472133
0.16016027440472133
0.16016027440472133
0.16016027440472133
0.37838563819092647
0.16016027440472133
0.16016027440472133
0.16016027440472133
0.20356657824066687
0.16016027440472133
0.8319836272377026
0.16016027440472133
0.23422394926614756
0.16016027440472133
0.31401147174391125
0.16016027440472133
0.20356657824066687
0.16016027440472133
0.16016027440472133
0.16016027440472133
0.16016027440472133
0.16016027440472133
0.20356657824066687
0.16016027440472133
0.16016027440472133
0.16016027440472133
0.23422394926614756
0.16016027440472133
0.16016027440472133
0.16016027440472133
0.16016027440472133
0.16016027440472133
0.32885906784200303
0.16016027440472133
0.20356657824066687
0.16016027440472133
0.258736768094548
0.16016027440472133
0.16016027440472133
0.16016027440472133
0.2795036595628978
0.16016027440472133
0.16016027440472133
0.16016027440472133
0.4739050615146051
0.16016027440472133
0.16016027440472133
0.16016027440472133
0.16016027440472133
0.16016027440472133
0.16016027440472133
0.16016027440472133
0.20356657824066687
0.16016027440472133
0.16016027440472133
0.16016027440472133
0.32885906784200303
0.16016027440472133
0.16016027440472133
0.16016027440472133
0.37838563819092647
0.16016027440472133
0.258736768094548
0.16016027440472133
0.16016027440472133
0.16016027440472133
0.16016027440472133
0.16016027440472133
0.36716425390450796
0.16016027440472133
0.258736768094548
0.16016027440472133
0.6895634595415208
0.16016027440472133
0.258736768094548
0.16016027440472133
0.16016027440472133
0.16016027440472133
0.16016027440472133
0.16016027440472133
0.3890109171742444
0.16016027440472133
0.42684568456571864
0.16016027440472133
0.16016027440472133
0.16016027440472133
0.297702835933201
0.16016027440472133
0.16016027440472133
0.16016027440472133
0.20356657824066687
0.16016027440472133
0.4179857671499995
0.16016027440472133
0.16016027440472133
0.16016027440472133
0.16016027440472133
0.16016027440472133
0.16016027440472133
0.16016027440472133
0.16016027440472133
0.16016027440472133
0.20356657824066687
0.16016027440472133
0.16016027440472133
0.16016027440472133
0.2795036595628978
0.16016027440472133
0.23422394926614756
0.16016027440472133
0.16016027440472133
0.16016027440472133
0.16016027440472133
0.16016027440472133
0.16016027440472133
0.16016027440472133
0.2795036595628978
0.16016027440472133
0.3890109171742444
0.16016027440472133
0.258736768094548
0.16016027440472133
0.31401147174391125
0.16016027440472133
0.16016027440472133
0.16016027440472133
0.2795036595628978
0.16016027440472133
0.16016027440472133
0.16016027440472133
0.16016027440472133
0.16016027440472133
0.16016027440472133
0.16016027440472133
0.16016027440472133
0.16016027440472133
0.16016027440472133
0.16016027440472133
0.23422394926614756
0.16016027440472133
0.297702835933201
0.16016027440472133
0.20356657824066687
0.16016027440472133
0.297702835933201
0.16016027440472133
0.5072813070882014
0.16016027440472133
0.16016027440472133
0.16016027440472133
0.3425372403596083
0.16016027440472133
0.258736768094548
0.16016027440472133
0.4353709694814982
0.16016027440472133
