3.0651917221479104
2.550930479444961
2.304689288442105
1.2055364215129627
1.3603629493094194
0.8545378091183379
2.002013516845375
2.072548029813232
1.5407361082355302
2.1406654992333416
1.3472340695273315
0.8478758129298589
1.635984868624332
2.329697567629849
1.443567373790073
2.3234960394167032
0.46720590335628936
0.6939793929735281
1.1200692269750738
1.8236695632701208
0.7319955697337737
1.164376265269545
0.7664160626460573
0.9599364640981015
0.9102978860165616
0.6837941983081157
1.2378010136351665
0.9753882850844309
1.1536175469906236
2.5005934974726816
0.9903639694032307
0.5260546540563154
0.35246348151955337
1.8618560240538784
1.164376265269545
1.300554260664565
1.1200692269750738
0.6020066216633133
0.6512506810858218
1.3118394805392006
1.1714393907138
0.8201153722562243
0.5883490865798504
1.2714462090995626
0.6396435892069228
0.38785597622428275
0.30799504219066715
0.6150692444832134
0.5740239467387159
0.24457776037767243
0.5740239467387159
0.9753882850844309
0.6020066216633133
1.3525163267573241
0.6396435892069228
0.5740239467387159
0.7979863510627918
1.7228635724898496
0.6020066216633133
0.7496022305770282
1.0096508828533208
0.6020066216633133
0.7319955697337737
0.6275977565659167
0.30799504219066715
0.6732951476420453
0.6150692444832134
1.6965623262067242
1.5840647609665022
0.8984998494975618
0.8545378091183379
0.8545378091183379
0.5740239467387159
0.7664160626460573
0.9651423219583405
0.5079386842575143
0.417738117504164
0.5740239467387159
0.7496022305770282
1.3498803824476535
0.24457776037767243
0.8545378091183379
0.7038731719322588
0.417738117504164
0.7228642924084274
1.7468098153903842
0.9044374677873537
0.48842428508886493
0.417738117504164
0.30799504219066715
0.5260546540563154
1.0965321465454354
0.6732951476420453
0.6275977565659167
0.9217968389088108
0.417738117504164
0.417738117504164
0.5740239467387159
0.5079386842575143
0.6020066216633133
0.6396435892069228
0.5589431659570291
0.8863825024458175
1.2088411935071635
0.8342272865745229
0.880197152370632
0.5740239467387159
0.35246348151955337
0.6396435892069228
0.938523936285272
0.24457776037767243
0.5079386842575143
0.7228642924084274
0.6732951476420453
0.417738117504164
0.7979863510627918
0.4438547670632546
0.24457776037767243
0.5260546540563154
0.24457776037767243
0.5260546540563154
1.032765482393916
0.7581026768416665
1.181876548819366
1.1536175469906236
0.38785597622428275
0.46720590335628936
1.0761134134457049
0.46720590335628936
0.35246348151955337
0.48842428508886493
0.35246348151955337
0.30799504219066715
0.880197152370632
0.7038731719322588
1.3982982380825255
0.6512506810858218
0.8054986436238576
0.8545378091183379
0.24457776037767243
0.417738117504164
1.291959594070778
0.24457776037767243
0.5883490865798504
0.24457776037767243
0.6275977565659167
0.35246348151955337
0.24457776037767243
0.4438547670632546
0.8128729290301581
0.24457776037767243
0.5079386842575143
0.5260546540563154
0.5589431659570291
0.38785597622428275
0.24457776037767243
0.7496022305770282
0.8610971931071282
0.6150692444832134
0.417738117504164
0.5429985248850627
0.30799504219066715
0.6939793929735281
0.48842428508886493
0.46720590335628936
2.0579201305248236
1.032765482393916
1.202213371120186
0.6837941983081157
0.48842428508886493
0.48842428508886493
0.417738117504164
0.48842428508886493
0.24457776037767243
0.46720590335628936
1.0965321465454354
0.6150692444832134
0.24457776037767243
0.5589431659570291
0.6939793929735281
0.46720590335628936
0.9804312646524354
0.38785597622428275
0.24457776037767243
0.5260546540563154
0.933014960083529
0.7581026768416665
0.5079386842575143
0.6512506810858218
0.30799504219066715
0.30799504219066715
1.1749391340885125
0.6512506810858218
0.7134955138458016
0.6624569017251607
0.35246348151955337
0.774552345283815
0.5079386842575143
0.24457776037767243
0.5883490865798504
0.417738117504164
0.8545378091183379
0.6396435892069228
0.30799504219066715
0.30799504219066715
0.48842428508886493
0.35246348151955337
0.24457776037767243
0.6275977565659167
1.1536175469906236
0.5740239467387159
0.24457776037767243
0.48842428508886493
0.24457776037767243
0.5429985248850627
0.38785597622428275
0.8272317091738017
0.417738117504164
0.5740239467387159
0.5429985248850627
0.7134955138458016
0.30799504219066715
0.30799504219066715
1.0461503816549658
0.7903294118557711
0.4438547670632546
0.38785597622428275
0.5589431659570291
0.24457776037767243
0.24457776037767243
0.5079386842575143
0.6624569017251607
0.5589431659570291
0.35246348151955337
0.5589431659570291
0.417738117504164
0.5429985248850627
0.6512506810858218
0.5260546540563154
0.38785597622428275
0.46720590335628936
0.7228642924084274
0.6150692444832134
0.30799504219066715
0.417738117504164
0.30799504219066715
0.5740239467387159
0.24457776037767243
0.4438547670632546
0.5883490865798504
0.4438547670632546
1.5012433551427469
0.774552345283815
0.24457776037767243
0.46720590335628936
0.30799504219066715
0.24457776037767243
0.48842428508886493
0.4438547670632546
0.24457776037767243
0.24457776037767243
0.30799504219066715
0.5260546540563154
0.6275977565659167
0.24457776037767243
0.9702924397610166
0.8128729290301581
0.30799504219066715
0.38785597622428275
0.24457776037767243
0.35246348151955337
0.5589431659570291
0.46720590335628936
0.24457776037767243
0.24457776037767243
1.5685860417909925
0.8054986436238576
0.5260546540563154
0.38785597622428275
0.8272317091738017
0.48842428508886493
0.24457776037767243
0.30799504219066715
0.5883490865798504
0.6150692444832134
0.6275977565659167
0.24457776037767243
0.4438547670632546
0.35246348151955337
0.5260546540563154
0.5079386842575143
0.5740239467387159
0.417738117504164
2.0680692292052694
0.38785597622428275
0.5740239467387159
0.46720590335628936
0.30799504219066715
0.5260546540563154
0.24457776037767243
0.35246348151955337
0.24457776037767243
0.5740239467387159
1.0096508828533208
0.6624569017251607
0.7319955697337737
0.24457776037767243
1.621489367457536
0.8545378091183379
0.5429985248850627
0.38785597622428275
0.417738117504164
0.30799504219066715
0.38785597622428275
0.24457776037767243
0.24457776037767243
0.4438547670632546
0.8478758129298589
0.417738117504164
0.35246348151955337
0.35246348151955337
0.35246348151955337
0.48842428508886493
0.5079386842575143
0.24457776037767243
0.4438547670632546
0.46720590335628936
0.7903294118557711
0.24457776037767243
0.5260546540563154
0.30799504219066715
0.48842428508886493
0.30799504219066715
0.5883490865798504
0.30799504219066715
0.35246348151955337
0.7903294118557711
0.8610971931071282
0.5260546540563154
0.24457776037767243
0.30799504219066715
0.5589431659570291
0.24457776037767243
1.294837210912722
0.30799504219066715
0.417738117504164
0.24457776037767243
0.6512506810858218
0.38785597622428275
1.0096508828533208
0.417738117504164
0.7496022305770282
0.35246348151955337
0.30799504219066715
0.4438547670632546
0.30799504219066715
0.35246348151955337
0.5883490865798504
0.48842428508886493
0.6732951476420453
0.24457776037767243
0.30799504219066715
0.4438547670632546
1.1044899312006213
0.38785597622428275
1.265461645928814
0.5079386842575143
0.782520660281763
0.417738117504164
0.7581026768416665
0.417738117504164
0.5260546540563154
0.46720590335628936
0.30799504219066715
0.38785597622428275
0.6275977565659167
0.6275977565659167
0.24457776037767243
0.38785597622428275
0.5429985248850627
0.30799504219066715
0.24457776037767243
0.48842428508886493
0.30799504219066715
0.5079386842575143
0.8411070975592764
0.9493513312560464
0.24457776037767243
0.35246348151955337
0.30799504219066715
0.417738117504164
0.24457776037767243
0.5079386842575143
0.6837941983081157
0.417738117504164
0.7979863510627918
0.24457776037767243
0.9102978860165616
0.5079386842575143
0.7038731719322588
0.5079386842575143
0.46720590335628936
0.30799504219066715
0.6837941983081157
0.24457776037767243
0.24457776037767243
0.35246348151955337
0.24457776037767243
0.46720590335628936
0.5589431659570291
0.46720590335628936
0.24457776037767243
0.35246348151955337
0.30799504219066715
0.8545378091183379
0.24457776037767243
0.7496022305770282
0.24457776037767243
0.30799504219066715
0.35246348151955337
0.30799504219066715
0.4438547670632546
0.38785597622428275
0.46720590335628936
0.6732951476420453
0.30799504219066715
0.417738117504164
0.35246348151955337
0.782520660281763
0.5079386842575143
0.24457776037767243
0.6020066216633133
0.35246348151955337
0.24457776037767243
0.417738117504164
0.9903639694032307
0.35246348151955337
0.5079386842575143
0.30799504219066715
0.24457776037767243
0.4438547670632546
0.5429985248850627
0.35246348151955337
0.8272317091738017
0.38785597622428275
0.938523936285272
0.417738117504164
0.38785597622428275
0.24457776037767243
0.24457776037767243
0.24457776037767243
0.24457776037767243
0.30799504219066715
0.24457776037767243
0.417738117504164
0.24457776037767243
0.35246348151955337
0.24457776037767243
0.5740239467387159
1.5666295363882474
0.5079386842575143
1.0096508828533208
0.35246348151955337
0.30799504219066715
0.24457776037767243
0.24457776037767243
0.30799504219066715
0.24457776037767243
0.4438547670632546
0.24457776037767243
0.38785597622428275
0.417738117504164
0.38785597622428275
0.30799504219066715
0.24457776037767243
0.5429985248850627
0.46720590335628936
0.4438547670632546
0.24457776037767243
0.5260546540563154
0.5589431659570291
0.8478758129298589
0.5079386842575143
0.5429985248850627
0.46720590335628936
0.30799504219066715
0.5260546540563154
0.30799504219066715
0.35246348151955337
0.5883490865798504
0.35246348151955337
0.5429985248850627
0.38785597622428275
0.24457776037767243
0.35246348151955337
0.24457776037767243
0.24457776037767243
1.178418084819602
0.5079386842575143
0.24457776037767243
0.5260546540563154
0.24457776037767243
0.35246348151955337
0.24457776037767243
0.38785597622428275
0.5260546540563154
0.30799504219066715
1.3284107377294416
0.46720590335628936
0.6150692444832134
0.417738117504164
0.48842428508886493
0.4438547670632546
0.24457776037767243
0.35246348151955337
0.24457776037767243
0.48842428508886493
0.24457776037767243
0.30799504219066715
0.30799504219066715
0.30799504219066715
0.48842428508886493
0.5260546540563154
0.4438547670632546
0.4438547670632546
0.5260546540563154
0.35246348151955337
0.35246348151955337
0.24457776037767243
0.9546733340682857
0.46720590335628936
0.30799504219066715
0.30799504219066715
0.24457776037767243
0.417738117504164
0.38785597622428275
0.30799504219066715
0.30799504219066715
0.30799504219066715
0.38785597622428275
0.24457776037767243
0.30799504219066715
0.417738117504164
0.38785597622428275
0.24457776037767243
0.6939793929735281
0.4438547670632546
0.24457776037767243
0.24457776037767243
0.24457776037767243
0.5740239467387159
0.38785597622428275
0.30799504219066715
0.417738117504164
0.24457776037767243
0.5740239467387159
0.5589431659570291
0.24457776037767243
0.48842428508886493
1.1572261092023404
0.38785597622428275
0.5079386842575143
0.30799504219066715
0.5079386842575143
0.6020066216633133
0.4438547670632546
0.30799504219066715
0.46720590335628936
0.24457776037767243
0.417738117504164
0.35246348151955337
0.8342272865745229
0.5589431659570291
0.8054986436238576
0.5429985248850627
0.5589431659570291
0.35246348151955337
0.35246348151955337
0.5079386842575143
0.5079386842575143
0.35246348151955337
0.46720590335628936
0.417738117504164
0.24457776037767243
0.30799504219066715
0.5740239467387159
0.30799504219066715
0.6837941983081157
0.30799504219066715
0.4438547670632546
0.24457776037767243
0.46720590335628936
0.24457776037767243
0.24457776037767243
0.417738117504164
0.38785597622428275
0.30799504219066715
1.5325906862200414
0.38785597622428275
0.46720590335628936
0.417738117504164
0.6624569017251607
0.24457776037767243
0.24457776037767243
0.38785597622428275
0.6624569017251607
0.417738117504164
0.30799504219066715
0.30799504219066715
1.708169169685838
0.5079386842575143
0.35246348151955337
0.24457776037767243
0.24457776037767243
0.35246348151955337
0.6512506810858218
0.417738117504164
0.24457776037767243
0.24457776037767243
0.6396435892069228
0.5740239467387159
0.6837941983081157
0.6624569017251607
1.322933197718634
0.5883490865798504
0.30799504219066715
0.46720590335628936
0.7134955138458016
0.5740239467387159
0.48842428508886493
0.30799504219066715
1.0461503816549658
0.5260546540563154
0.24457776037767243
0.46720590335628936
0.35246348151955337
0.48842428508886493
0.24457776037767243
0.24457776037767243
0.5883490865798504
0.35246348151955337
0.24457776037767243
0.35246348151955337
0.30799504219066715
0.417738117504164
0.46720590335628936
0.5079386842575143
0.35246348151955337
0.4438547670632546
0.6275977565659167
0.5260546540563154
0.35246348151955337
0.24457776037767243
0.24457776037767243
0.30799504219066715
0.24457776037767243
0.417738117504164
0.24457776037767243
0.24457776037767243
0.38785597622428275
0.417738117504164
0.24457776037767243
0.24457776037767243
0.35246348151955337
0.35246348151955337
0.24457776037767243
0.5589431659570291
0.30799504219066715
0.48842428508886493
0.24457776037767243
0.30799504219066715
0.30799504219066715
0.4438547670632546
0.35246348151955337
0.35246348151955337
0.9599364640981015
0.35246348151955337
0.38785597622428275
0.4438547670632546
0.4438547670632546
0.24457776037767243
0.30799504219066715
0.24457776037767243
0.24457776037767243
0.38785597622428275
0.24457776037767243
0.38785597622428275
0.30799504219066715
0.24457776037767243
0.8411070975592764
0.30799504219066715
0.24457776037767243
0.30799504219066715
0.7038731719322588
0.24457776037767243
0.6150692444832134
0.24457776037767243
0.4438547670632546
0.417738117504164
0.5740239467387159
0.24457776037767243
0.38785597622428275
0.24457776037767243
0.38785597622428275
0.24457776037767243
0.24457776037767243
0.35246348151955337
0.30799504219066715
0.24457776037767243
0.24457776037767243
0.7409038395976092
0.24457776037767243
0.417738117504164
0.24457776037767243
0.24457776037767243
0.24457776037767243
0.24457776037767243
0.7903294118557711
0.4438547670632546
0.417738117504164
0.35246348151955337
0.35246348151955337
0.35246348151955337
1.1988717876391497
0.30799504219066715
0.5429985248850627
0.24457776037767243
0.5079386842575143
0.35246348151955337
0.30799504219066715
0.4438547670632546
0.5079386842575143
0.24457776037767243
0.24457776037767243
0.4438547670632546
0.35246348151955337
0.35246348151955337
0.30799504219066715
0.30799504219066715
0.6624569017251607
0.4438547670632546
0.7903294118557711
0.5079386842575143
0.35246348151955337
0.30799504219066715
0.6396435892069228
0.24457776037767243
0.30799504219066715
0.35246348151955337
0.24457776037767243
0.24457776037767243
0.24457776037767243
0.417738117504164
0.38785597622428275
0.30799504219066715
0.46720590335628936
0.5883490865798504
0.24457776037767243
0.24457776037767243
0.4438547670632546
0.24457776037767243
0.417738117504164
0.46720590335628936
0.30799504219066715
0.30799504219066715
0.5740239467387159
0.6837941983081157
0.6275977565659167
0.46720590335628936
0.4438547670632546
0.5079386842575143
0.6150692444832134
0.24457776037767243
0.24457776037767243
0.38785597622428275
0.6020066216633133
0.35246348151955337
0.38785597622428275
0.417738117504164
0.38785597622428275
0.30799504219066715
0.24457776037767243
0.24457776037767243
0.24457776037767243
0.24457776037767243
0.417738117504164
0.24457776037767243
0.30799504219066715
0.24457776037767243
0.4438547670632546
0.24457776037767243
0.24457776037767243
0.30799504219066715
0.38785597622428275
0.35246348151955337
0.24457776037767243
0.35246348151955337
0.8478758129298589
0.30799504219066715
0.30799504219066715
0.35246348151955337
0.48842428508886493
0.417738117504164
0.24457776037767243
0.30799504219066715
0.24457776037767243
0.417738117504164
0.24457776037767243
0.30799504219066715
1.1536175469906236
0.30799504219066715
0.24457776037767243
0.24457776037767243
0.24457776037767243
0.24457776037767243
0.24457776037767243
0.46720590335628936
0.30799504219066715
0.30799504219066715
0.24457776037767243
0.30799504219066715
0.35246348151955337
0.417738117504164
0.24457776037767243
0.35246348151955337
0.35246348151955337
0.5429985248850627
0.7409038395976092
0.30799504219066715
0.5429985248850627
0.30799504219066715
0.774552345283815
0.24457776037767243
0.417738117504164
0.35246348151955337
0.35246348151955337
0.24457776037767243
0.5429985248850627
0.30799504219066715
0.24457776037767243
0.38785597622428275
0.24457776037767243
0.5589431659570291
0.24457776037767243
0.35246348151955337
0.417738117504164
0.35246348151955337
0.24457776037767243
0.38785597622428275
0.5589431659570291
0.24457776037767243
0.30799504219066715
0.24457776037767243
0.30799504219066715
0.35246348151955337
0.417738117504164
0.30799504219066715
0.35246348151955337
0.48842428508886493
0.48842428508886493
0.24457776037767243
0.48842428508886493
0.35246348151955337
0.24457776037767243
0.24457776037767243
0.24457776037767243
0.24457776037767243
0.30799504219066715
0.417738117504164
0.35246348151955337
0.35246348151955337
0.9546733340682857
0.24457776037767243
0.24457776037767243
0.30799504219066715
0.38785597622428275
0.46720590335628936
0.24457776037767243
0.417738117504164
0.35246348151955337
0.417738117504164
0.24457776037767243
0.24457776037767243
0.24457776037767243
0.24457776037767243
0.24457776037767243
0.4438547670632546
0.48842428508886493
0.24457776037767243
0.35246348151955337
0.46720590335628936
0.5260546540563154
0.30799504219066715
0.24457776037767243
0.35246348151955337
0.38785597622428275
0.24457776037767243
0.46720590335628936
0.35246348151955337
0.46720590335628936
0.30799504219066715
0.880197152370632
0.417738117504164
0.5740239467387159
0.48842428508886493
0.24457776037767243
0.24457776037767243
0.46720590335628936
0.24457776037767243
0.24457776037767243
0.24457776037767243
0.417738117504164
0.24457776037767243
0.46720590335628936
0.35246348151955337
0.6624569017251607
0.35246348151955337
0.38785597622428275
0.35246348151955337
0.417738117504164
0.24457776037767243
0.5740239467387159
0.35246348151955337
0.24457776037767243
0.4438547670632546
0.6275977565659167
0.35246348151955337
0.24457776037767243
0.38785597622428275
0.30799504219066715
0.24457776037767243
0.6020066216633133
0.5079386842575143
0.24457776037767243
0.30799504219066715
0.24457776037767243
0.38785597622428275
0.30799504219066715
0.30799504219066715
0.24457776037767243
0.24457776037767243
0.30799504219066715
0.24457776037767243
0.4438547670632546
0.35246348151955337
0.4438547670632546
0.46720590335628936
0.46720590335628936
0.30799504219066715
0.24457776037767243
0.24457776037767243
0.30799504219066715
0.4438547670632546
0.24457776037767243
0.30799504219066715
0.5429985248850627
0.4438547670632546
0.38785597622428275
0.30799504219066715
0.30799504219066715
0.30799504219066715
0.24457776037767243
0.30799504219066715
0.38785597622428275
0.35246348151955337
0.24457776037767243
0.24457776037767243
0.38785597622428275
0.38785597622428275
0.24457776037767243
0.417738117504164
0.24457776037767243
0.24457776037767243
0.24457776037767243
0.38785597622428275
0.24457776037767243
0.24457776037767243
0.24457776037767243
0.24457776037767243
0.35246348151955337
0.30799504219066715
0.24457776037767243
0.24457776037767243
0.38785597622428275
0.38785597622428275
0.5079386842575143
0.38785597622428275
0.24457776037767243
0.5079386842575143
0.24457776037767243
0.24457776037767243
0.24457776037767243
0.46720590335628936
1.1608122335102589
0.24457776037767243
0.30799504219066715
0.30799504219066715
0.24457776037767243
0.30799504219066715
0.6512506810858218
0.24457776037767243
1.1314744996723451
0.4438547670632546
0.24457776037767243
0.35246348151955337
0.417738117504164
0.30799504219066715
0.7134955138458016
0.38785597622428275
0.24457776037767243
0.35246348151955337
0.30799504219066715
0.30799504219066715
0.24457776037767243
0.24457776037767243
0.4438547670632546
0.24457776037767243
0.30799504219066715
0.24457776037767243
1.1044899312006213
0.6150692444832134
0.46720590335628936
0.30799504219066715
0.30799504219066715
0.24457776037767243
0.46720590335628936
0.30799504219066715
0.5883490865798504
0.30799504219066715
0.9439687822649084
0.417738117504164
0.38785597622428275
0.24457776037767243
0.35246348151955337
0.30799504219066715
0.417738117504164
0.30799504219066715
0.35246348151955337
0.30799504219066715
0.417738117504164
0.24457776037767243
0.7319955697337737
0.38785597622428275
0.24457776037767243
0.24457776037767243
0.417738117504164
0.46720590335628936
0.24457776037767243
0.24457776037767243
0.4438547670632546
0.35246348151955337
0.24457776037767243
0.35246348151955337
0.24457776037767243
0.24457776037767243
0.8342272865745229
0.30799504219066715
0.35246348151955337
0.24457776037767243
0.24457776037767243
0.24457776037767243
0.24457776037767243
0.30799504219066715
0.24457776037767243
0.30799504219066715
0.35246348151955337
0.30799504219066715
0.5079386842575143
0.38785597622428275
0.30799504219066715
0.24457776037767243
0.38785597622428275
0.35246348151955337
0.35246348151955337
0.30799504219066715
1.1314744996723451
0.4438547670632546
0.24457776037767243
0.38785597622428275
0.24457776037767243
0.24457776037767243
0.24457776037767243
0.24457776037767243
0.24457776037767243
0.24457776037767243
0.6150692444832134
0.24457776037767243
0.24457776037767243
0.24457776037767243
0.5883490865798504
0.35246348151955337
0.24457776037767243
0.30799504219066715
0.46720590335628936
0.30799504219066715
0.30799504219066715
0.24457776037767243
1.4904968239909788
0.417738117504164
0.24457776037767243
0.30799504219066715
0.24457776037767243
0.24457776037767243
0.24457776037767243
0.24457776037767243
0.30799504219066715
0.30799504219066715
0.417738117504164
0.24457776037767243
0.46720590335628936
0.24457776037767243
0.30799504219066715
0.24457776037767243
0.417738117504164
0.6732951476420453
0.4438547670632546
0.35246348151955337
0.5589431659570291
0.38785597622428275
0.4438547670632546
0.24457776037767243
0.24457776037767243
0.24457776037767243
0.24457776037767243
0.24457776037767243
0.417738117504164
0.30799504219066715
0.24457776037767243
0.24457776037767243
0.5883490865798504
0.30799504219066715
0.6150692444832134
0.35246348151955337
0.30799504219066715
0.30799504219066715
0.8342272865745229
0.30799504219066715
0.24457776037767243
0.24457776037767243
0.24457776037767243
0.24457776037767243
0.24457776037767243
0.38785597622428275
0.38785597622428275
0.30799504219066715
0.417738117504164
0.24457776037767243
0.4438547670632546
0.35246348151955337
0.38785597622428275
0.24457776037767243
0.24457776037767243
0.35246348151955337
0.30799504219066715
0.24457776037767243
0.30799504219066715
0.24457776037767243
0.35246348151955337
0.38785597622428275
0.35246348151955337
0.24457776037767243
0.880197152370632
0.4438547670632546
0.8478758129298589
0.24457776037767243
0.5589431659570291
0.24457776037767243
0.24457776037767243
0.5589431659570291
0.24457776037767243
0.24457776037767243
0.9546733340682857
0.38785597622428275
0.9102978860165616
0.30799504219066715
0.24457776037767243
0.35246348151955337
0.24457776037767243
0.7228642924084274
0.782520660281763
0.30799504219066715
0.24457776037767243
0.30799504219066715
0.417738117504164
0.24457776037767243
0.48842428508886493
0.24457776037767243
0.24457776037767243
0.30799504219066715
0.35246348151955337
0.24457776037767243
0.30799504219066715
0.24457776037767243
0.30799504219066715
0.24457776037767243
0.5429985248850627
0.417738117504164
0.5260546540563154
0.24457776037767243
0.35246348151955337
0.30799504219066715
0.7409038395976092
0.30799504219066715
0.6396435892069228
0.35246348151955337
0.35246348151955337
0.6396435892069228
0.24457776037767243
0.30799504219066715
0.4438547670632546
0.417738117504164
0.38785597622428275
0.35246348151955337
0.48842428508886493
0.35246348151955337
0.30799504219066715
0.24457776037767243
0.30799504219066715
0.4438547670632546
0.38785597622428275
0.24457776037767243
0.6512506810858218
0.48842428508886493
0.24457776037767243
0.35246348151955337
0.24457776037767243
0.24457776037767243
0.24457776037767243
0.38785597622428275
0.38785597622428275
0.35246348151955337
0.30799504219066715
0.24457776037767243
0.46720590335628936
0.24457776037767243
0.417738117504164
0.24457776037767243
0.24457776037767243
0.35246348151955337
0.24457776037767243
0.30799504219066715
0.5883490865798504
0.35246348151955337
0.38785597622428275
0.417738117504164
0.24457776037767243
0.30799504219066715
0.24457776037767243
0.24457776037767243
0.35246348151955337
0.35246348151955337
0.24457776037767243
0.30799504219066715
0.24457776037767243
0.24457776037767243
0.24457776037767243
0.35246348151955337
0.24457776037767243
0.24457776037767243
0.24457776037767243
0.24457776037767243
0.38785597622428275
0.24457776037767243
0.24457776037767243
0.24457776037767243
0.30799504219066715
0.24457776037767243
0.46720590335628936
0.24457776037767243
0.48842428508886493
0.30799504219066715
0.417738117504164
0.24457776037767243
0.35246348151955337
0.24457776037767243
0.30799504219066715
0.24457776037767243
0.7038731719322588
0.24457776037767243
0.5740239467387159
0.38785597622428275
0.24457776037767243
0.24457776037767243
0.5740239467387159
0.24457776037767243
0.8201153722562243
0.24457776037767243
0.24457776037767243
0.24457776037767243
0.4438547670632546
0.38785597622428275
0.24457776037767243
0.24457776037767243
0.8675578247246328
0.5589431659570291
0.24457776037767243
0.24457776037767243
0.24457776037767243
0.35246348151955337
0.24457776037767243
0.38785597622428275
0.24457776037767243
0.24457776037767243
0.24457776037767243
0.24457776037767243
0.24457776037767243
0.24457776037767243
0.46720590335628936
0.30799504219066715
0.35246348151955337
0.30799504219066715
0.35246348151955337
0.38785597622428275
0.24457776037767243
0.24457776037767243
0.46720590335628936
0.38785597622428275
0.24457776037767243
0.24457776037767243
0.774552345283815
0.46720590335628936
0.46720590335628936
0.30799504219066715
0.30799504219066715
0.24457776037767243
0.38785597622428275
0.30799504219066715
0.24457776037767243
0.24457776037767243
0.38785597622428275
0.30799504219066715
0.35246348151955337
0.35246348151955337
0.5260546540563154
0.35246348151955337
0.4438547670632546
0.24457776037767243
0.417738117504164
0.35246348151955337
0.24457776037767243
0.30799504219066715
0.35246348151955337
0.5079386842575143
0.5429985248850627
0.38785597622428275
0.8201153722562243
0.30799504219066715
0.24457776037767243
0.24457776037767243
0.4438547670632546
0.24457776037767243
0.38785597622428275
0.24457776037767243
1.023645124911162
0.30799504219066715
0.24457776037767243
0.30799504219066715
0.24457776037767243
0.35246348151955337
0.7409038395976092
0.4438547670632546
0.35246348151955337
0.30799504219066715
0.6396435892069228
0.24457776037767243
0.24457776037767243
0.24457776037767243
0.38785597622428275
0.6150692444832134
0.30799504219066715
0.35246348151955337
0.30799504219066715
0.24457776037767243
0.30799504219066715
0.24457776037767243
0.5429985248850627
0.24457776037767243
0.24457776037767243
0.30799504219066715
0.24457776037767243
0.38785597622428275
0.24457776037767243
0.24457776037767243
0.5429985248850627
0.24457776037767243
0.5079386842575143
0.30799504219066715
0.35246348151955337
0.24457776037767243
0.38785597622428275
0.4438547670632546
0.24457776037767243
0.35246348151955337
0.24457776037767243
0.24457776037767243
0.24457776037767243
0.24457776037767243
0.24457776037767243
0.30799504219066715
0.35246348151955337
0.30799504219066715
0.24457776037767243
0.24457776037767243
0.9160835641006323
0.38785597622428275
0.24457776037767243
0.24457776037767243
0.5589431659570291
0.30799504219066715
0.7581026768416665
0.24457776037767243
0.30799504219066715
0.24457776037767243
0.30799504219066715
0.24457776037767243
0.6732951476420453
0.35246348151955337
0.30799504219066715
0.24457776037767243
0.24457776037767243
0.24457776037767243
0.5589431659570291
0.24457776037767243
0.48842428508886493
0.24457776037767243
0.24457776037767243
0.30799504219066715
0.24457776037767243
0.24457776037767243
0.24457776037767243
0.24457776037767243
0.5260546540563154
0.5079386842575143
0.30799504219066715
0.7038731719322588
0.48842428508886493
0.24457776037767243
0.24457776037767243
0.24457776037767243
0.24457776037767243
0.35246348151955337
0.5429985248850627
0.24457776037767243
0.30799504219066715
0.417738117504164
0.5429985248850627
0.24457776037767243
0.7979863510627918
0.417738117504164
0.7903294118557711
0.48842428508886493
0.24457776037767243
0.24457776037767243
0.24457776037767243
0.30799504219066715
0.24457776037767243
0.4438547670632546
0.4438547670632546
0.24457776037767243
0.35246348151955337
0.417738117504164
0.24457776037767243
0.24457776037767243
0.417738117504164
0.35246348151955337
0.24457776037767243
0.30799504219066715
0.38785597622428275
0.24457776037767243
0.35246348151955337
0.24457776037767243
0.24457776037767243
0.24457776037767243
0.30799504219066715
0.24457776037767243
0.24457776037767243
0.24457776037767243
0.24457776037767243
0.35246348151955337
0.30799504219066715
0.30799504219066715
0.4438547670632546
0.24457776037767243
0.35246348151955337
0.24457776037767243
0.417738117504164
0.30799504219066715
0.5079386842575143
0.24457776037767243
0.24457776037767243
0.24457776037767243
0.24457776037767243
0.30799504219066715
0.30799504219066715
0.24457776037767243
0.5079386842575143
0.24457776037767243
0.24457776037767243
0.35246348151955337
0.24457776037767243
0.24457776037767243
0.24457776037767243
0.417738117504164
0.24457776037767243
0.30799504219066715
0.24457776037767243
0.30799504219066715
0.5883490865798504
0.30799504219066715
0.24457776037767243
0.24457776037767243
0.417738117504164
0.30799504219066715
0.24457776037767243
0.24457776037767243
0.38785597622428275
0.30799504219066715
0.24457776037767243
0.24457776037767243
0.24457776037767243
0.30799504219066715
0.24457776037767243
0.38785597622428275
0.24457776037767243
0.24457776037767243
0.24457776037767243
0.24457776037767243
0.35246348151955337
0.24457776037767243
0.24457776037767243
0.48842428508886493
0.35246348151955337
0.24457776037767243
0.35246348151955337
0.24457776037767243
0.30799504219066715
0.24457776037767243
0.24457776037767243
0.35246348151955337
0.24457776037767243
0.24457776037767243
0.35246348151955337
0.46720590335628936
0.7581026768416665
0.5740239467387159
0.35246348151955337
0.24457776037767243
0.417738117504164
0.24457776037767243
0.35246348151955337
0.24457776037767243
1.3033939726196022
0.35246348151955337
0.6396435892069228
0.24457776037767243
0.30799504219066715
0.38785597622428275
0.24457776037767243
0.38785597622428275
0.24457776037767243
0.24457776037767243
0.24457776037767243
0.24457776037767243
0.24457776037767243
0.24457776037767243
0.35246348151955337
0.30799504219066715
0.8675578247246328
0.30799504219066715
0.4438547670632546
0.30799504219066715
0.24457776037767243
0.24457776037767243
0.30799504219066715
0.24457776037767243
0.24457776037767243
0.24457776037767243
0.35246348151955337
0.30799504219066715
0.24457776037767243
0.24457776037767243
0.30799504219066715
0.24457776037767243
0.4438547670632546
0.24457776037767243
0.35246348151955337
0.35246348151955337
0.8610971931071282
0.35246348151955337
0.24457776037767243
0.24457776037767243
0.24457776037767243
0.24457776037767243
0.6020066216633133
0.5079386842575143
0.24457776037767243
0.30799504219066715
0.5260546540563154
0.24457776037767243
0.30799504219066715
0.24457776037767243
0.24457776037767243
0.24457776037767243
0.24457776037767243
0.30799504219066715
0.35246348151955337
0.35246348151955337
0.24457776037767243
0.30799504219066715
0.4438547670632546
0.24457776037767243
0.24457776037767243
0.30799504219066715
0.24457776037767243
0.24457776037767243
0.24457776037767243
0.24457776037767243
0.24457776037767243
0.24457776037767243
0.24457776037767243
0.24457776037767243
0.24457776037767243
0.24457776037767243
0.24457776037767243
0.24457776037767243
0.24457776037767243
0.24457776037767243
0.35246348151955337
0.24457776037767243
0.24457776037767243
0.24457776037767243
0.8201153722562243
0.35246348151955337
0.24457776037767243
0.30799504219066715
0.24457776037767243
0.24457776037767243
0.7496022305770282
0.30799504219066715
0.38785597622428275
0.24457776037767243
0.24457776037767243
0.24457776037767243
0.24457776037767243
0.24457776037767243
0.30799504219066715
0.30799504219066715
0.7038731719322588
0.30799504219066715
0.30799504219066715
0.30799504219066715
0.24457776037767243
0.24457776037767243
0.24457776037767243
0.24457776037767243
0.24457776037767243
0.24457776037767243
0.24457776037767243
0.24457776037767243
0.38785597622428275
0.24457776037767243
0.30799504219066715
0.24457776037767243
0.5740239467387159
0.30799504219066715
0.30799504219066715
0.24457776037767243
0.5429985248850627
0.38785597622428275
0.24457776037767243
0.24457776037767243
0.6732951476420453
0.48842428508886493
0.24457776037767243
0.24457776037767243
0.24457776037767243
0.38785597622428275
0.5883490865798504
0.24457776037767243
0.24457776037767243
0.24457776037767243
1.470751551086366
0.5079386842575143
0.24457776037767243
0.30799504219066715
0.30799504219066715
0.30799504219066715
0.30799504219066715
0.24457776037767243
0.24457776037767243
0.30799504219066715
0.38785597622428275
0.24457776037767243
0.24457776037767243
0.24457776037767243
0.5260546540563154
0.24457776037767243
0.417738117504164
0.30799504219066715
0.30799504219066715
0.24457776037767243
0.24457776037767243
0.30799504219066715
0.30799504219066715
0.24457776037767243
0.30799504219066715
0.417738117504164
0.5429985248850627
0.30799504219066715
0.5740239467387159
0.24457776037767243
0.24457776037767243
0.24457776037767243
0.24457776037767243
0.24457776037767243
0.24457776037767243
0.30799504219066715
0.24457776037767243
0.24457776037767243
0.30799504219066715
0.24457776037767243
0.4438547670632546
0.24457776037767243
0.24457776037767243
0.24457776037767243
0.38785597622428275
0.30799504219066715
0.35246348151955337
0.24457776037767243
0.6020066216633133
0.24457776037767243
0.30799504219066715
0.24457776037767243
0.24457776037767243
0.24457776037767243
0.38785597622428275
0.35246348151955337
0.24457776037767243
0.24457776037767243
0.30799504219066715
0.24457776037767243
0.24457776037767243
0.24457776037767243
0.24457776037767243
0.24457776037767243
0.30799504219066715
0.24457776037767243
0.48842428508886493
0.24457776037767243
0.24457776037767243
0.24457776037767243
0.24457776037767243
0.24457776037767243
0.30799504219066715
0.24457776037767243
0.30799504219066715
0.24457776037767243
0.35246348151955337
0.24457776037767243
0.35246348151955337
0.24457776037767243
0.24457776037767243
0.24457776037767243
0.24457776037767243
0.30799504219066715
0.24457776037767243
0.24457776037767243
0.38785597622428275
0.30799504219066715
0.417738117504164
0.24457776037767243
0.30799504219066715
0.38785597622428275
0.35246348151955337
0.24457776037767243
0.7228642924084274
0.35246348151955337
0.24457776037767243
0.24457776037767243
0.6732951476420453
0.24457776037767243
0.30799504219066715
0.24457776037767243
0.30799504219066715
0.5589431659570291
0.24457776037767243
0.24457776037767243
0.46720590335628936
0.4438547670632546
0.24457776037767243
0.30799504219066715
0.38785597622428275
0.24457776037767243
0.5740239467387159
0.30799504219066715
0.24457776037767243
0.417738117504164
0.24457776037767243
0.24457776037767243
0.24457776037767243
0.35246348151955337
0.38785597622428275
0.24457776037767243
0.5589431659570291
0.24457776037767243
0.24457776037767243
0.24457776037767243
0.35246348151955337
0.6275977565659167
0.6624569017251607
0.24457776037767243
0.8863825024458175
0.30799504219066715
0.24457776037767243
0.24457776037767243
0.774552345283815
0.24457776037767243
0.24457776037767243
0.24457776037767243
0.35246348151955337
0.30799504219066715
0.24457776037767243
0.30799504219066715
0.4438547670632546
0.46720590335628936
0.24457776037767243
0.24457776037767243
0.24457776037767243
0.24457776037767243
0.417738117504164
0.24457776037767243
0.24457776037767243
0.24457776037767243
0.417738117504164
0.24457776037767243
0.38785597622428275
0.30799504219066715
0.24457776037767243
0.24457776037767243
0.38785597622428275
0.24457776037767243
0.6512506810858218
0.4438547670632546
0.24457776037767243
0.24457776037767243
0.30799504219066715
0.35246348151955337
0.7134955138458016
0.30799504219066715
0.24457776037767243
0.24457776037767243
0.24457776037767243
0.24457776037767243
0.30799504219066715
0.24457776037767243
0.6396435892069228
0.24457776037767243
0.30799504219066715
0.30799504219066715
0.24457776037767243
0.24457776037767243
0.6020066216633133
0.46720590335628936
0.4438547670632546
0.24457776037767243
0.30799504219066715
0.30799504219066715
0.4438547670632546
0.24457776037767243
0.35246348151955337
0.24457776037767243
0.48842428508886493
0.30799504219066715
0.5079386842575143
0.24457776037767243
0.35246348151955337
0.24457776037767243
0.30799504219066715
0.24457776037767243
0.35246348151955337
0.24457776037767243
0.46720590335628936
0.24457776037767243
0.5589431659570291
0.24457776037767243
0.24457776037767243
0.24457776037767243
0.8054986436238576
0.24457776037767243
0.6512506810858218
0.24457776037767243
0.35246348151955337
0.24457776037767243
0.5079386842575143
0.24457776037767243
0.24457776037767243
0.24457776037767243
0.24457776037767243
0.24457776037767243
0.5079386842575143
0.24457776037767243
0.24457776037767243
0.24457776037767243
0.417738117504164
0.35246348151955337
0.30799504219066715
0.35246348151955337
0.35246348151955337
0.35246348151955337
0.24457776037767243
0.30799504219066715
0.30799504219066715
0.24457776037767243
0.24457776037767243
0.24457776037767243
0.5740239467387159
0.24457776037767243
0.24457776037767243
0.24457776037767243
0.24457776037767243
0.30799504219066715
0.38785597622428275
0.24457776037767243
0.24457776037767243
0.24457776037767243
0.5589431659570291
0.24457776037767243
0.24457776037767243
0.30799504219066715
0.38785597622428275
0.24457776037767243
0.24457776037767243
0.24457776037767243
0.24457776037767243
0.24457776037767243
0.24457776037767243
0.30799504219066715
0.38785597622428275
0.24457776037767243
0.24457776037767243
0.24457776037767243
0.24457776037767243
0.24457776037767243
0.30799504219066715
0.24457776037767243
0.38785597622428275
0.24457776037767243
0.24457776037767243
0.24457776037767243
0.24457776037767243
0.24457776037767243
0.24457776037767243
0.24457776037767243
0.417738117504164
0.35246348151955337
0.24457776037767243
0.417738117504164
0.24457776037767243
0.24457776037767243
0.8545378091183379
0.24457776037767243
0.35246348151955337
0.35246348151955337
0.24457776037767243
0.30799504219066715
0.24457776037767243
0.30799504219066715
0.24457776037767243
0.30799504219066715
0.24457776037767243
0.6512506810858218
0.24457776037767243
0.30799504219066715
0.35246348151955337
0.24457776037767243
0.24457776037767243
0.38785597622428275
0.24457776037767243
0.24457776037767243
0.24457776037767243
0.24457776037767243
0.6150692444832134
0.35246348151955337
0.6837941983081157
0.24457776037767243
0.30799504219066715
0.6150692444832134
0.30799504219066715
0.24457776037767243
0.24457776037767243
0.24457776037767243
0.35246348151955337
0.24457776037767243
0.24457776037767243
0.30799504219066715
0.24457776037767243
0.38785597622428275
0.46720590335628936
0.38785597622428275
0.35246348151955337
0.30799504219066715
0.24457776037767243
0.24457776037767243
0.24457776037767243
0.24457776037767243
0.5883490865798504
0.417738117504164
0.24457776037767243
0.24457776037767243
0.30799504219066715
0.24457776037767243
0.24457776037767243
0.24457776037767243
0.417738117504164
0.24457776037767243
0.417738117504164
0.24457776037767243
0.24457776037767243
0.30799504219066715
0.6020066216633133
0.24457776037767243
0.5079386842575143
0.30799504219066715
0.24457776037767243
0.24457776037767243
0.48842428508886493
0.30799504219066715
0.24457776037767243
0.24457776037767243
0.38785597622428275
0.24457776037767243
0.30799504219066715
0.30799504219066715
0.417738117504164
0.38785597622428275
0.6837941983081157
0.4438547670632546
0.24457776037767243
0.24457776037767243
0.30799504219066715
0.24457776037767243
0.30799504219066715
0.24457776037767243
0.38785597622428275
0.24457776037767243
0.24457776037767243
0.24457776037767243
0.46720590335628936
0.24457776037767243
0.35246348151955337
0.24457776037767243
0.24457776037767243
0.24457776037767243
0.24457776037767243
0.38785597622428275
0.24457776037767243
0.35246348151955337
0.24457776037767243
0.24457776037767243
0.7664160626460573
0.4438547670632546
0.35246348151955337
0.24457776037767243
0.6624569017251607
0.24457776037767243
0.24457776037767243
0.24457776037767243
0.24457776037767243
0.24457776037767243
0.30799504219066715
0.35246348151955337
0.24457776037767243
0.35246348151955337
0.4438547670632546
0.24457776037767243
0.24457776037767243
0.24457776037767243
0.35246348151955337
0.38785597622428275
0.30799504219066715
0.24457776037767243
0.24457776037767243
0.35246348151955337
0.24457776037767243
0.24457776037767243
0.6275977565659167
0.24457776037767243
0.24457776037767243
0.24457776037767243
0.46720590335628936
0.35246348151955337
0.24457776037767243
0.24457776037767243
0.24457776037767243
0.24457776037767243
0.24457776037767243
0.24457776037767243
0.30799504219066715
0.24457776037767243
0.6020066216633133
0.30799504219066715
0.24457776037767243
0.24457776037767243
0.24457776037767243
0.35246348151955337
0.4438547670632546
0.24457776037767243
0.24457776037767243
0.24457776037767243
0.24457776037767243
0.38785597622428275
0.30799504219066715
0.24457776037767243
0.24457776037767243
0.24457776037767243
0.24457776037767243
0.30799504219066715
0.24457776037767243
0.24457776037767243
0.30799504219066715
0.35246348151955337
0.30799504219066715
0.30799504219066715
0.30799504219066715
0.24457776037767243
0.24457776037767243
0.24457776037767243
0.7581026768416665
0.5589431659570291
0.24457776037767243
0.30799504219066715
0.24457776037767243
0.38785597622428275
0.5260546540563154
0.24457776037767243
0.24457776037767243
0.24457776037767243
0.35246348151955337
0.48842428508886493
0.6624569017251607
0.38785597622428275
0.35246348151955337
0.24457776037767243
0.24457776037767243
0.30799504219066715
0.24457776037767243
0.24457776037767243
0.24457776037767243
0.24457776037767243
0.7664160626460573
0.24457776037767243
0.35246348151955337
0.24457776037767243
0.24457776037767243
0.24457776037767243
0.24457776037767243
0.35246348151955337
0.30799504219066715
0.24457776037767243
0.30799504219066715
0.24457776037767243
0.24457776037767243
0.24457776037767243
0.46720590335628936
0.38785597622428275
0.24457776037767243
0.24457776037767243
0.24457776037767243
0.24457776037767243
0.24457776037767243
0.35246348151955337
0.30799504219066715
0.24457776037767243
0.24457776037767243
0.24457776037767243
0.24457776037767243
0.24457776037767243
0.24457776037767243
0.24457776037767243
0.24457776037767243
0.24457776037767243
0.30799504219066715
0.24457776037767243
0.24457776037767243
0.38785597622428275
0.35246348151955337
0.24457776037767243
0.24457776037767243
0.24457776037767243
0.24457776037767243
0.24457776037767243
0.24457776037767243
0.35246348151955337
0.24457776037767243
0.35246348151955337
0.24457776037767243
0.24457776037767243
0.38785597622428275
0.24457776037767243
0.24457776037767243
0.24457776037767243
1.08845676552632
0.30799504219066715
0.7038731719322588
0.5079386842575143
0.5429985248850627
0.30799504219066715
0.30799504219066715
0.24457776037767243
0.30799504219066715
0.24457776037767243
0.24457776037767243
0.24457776037767243
0.30799504219066715
0.24457776037767243
0.38785597622428275
0.30799504219066715
0.24457776037767243
0.4438547670632546
0.24457776037767243
0.30799504219066715
0.24457776037767243
0.24457776037767243
0.24457776037767243
0.38785597622428275
0.30799504219066715
0.24457776037767243
0.35246348151955337
0.30799504219066715
0.30799504219066715
0.30799504219066715
0.24457776037767243
0.35246348151955337
0.24457776037767243
0.24457776037767243
0.24457776037767243
0.24457776037767243
0.35246348151955337
0.30799504219066715
0.24457776037767243
0.30799504219066715
0.24457776037767243
0.24457776037767243
0.30799504219066715
0.24457776037767243
0.24457776037767243
0.38785597622428275
0.30799504219066715
0.24457776037767243
0.24457776037767243
0.24457776037767243
0.48842428508886493
0.24457776037767243
0.30799504219066715
0.24457776037767243
1.0048985626642366
0.24457776037767243
0.24457776037767243
0.30799504219066715
0.24457776037767243
0.35246348151955337
0.24457776037767243
0.30799504219066715
1.1084260427517036
0.35246348151955337
0.24457776037767243
0.24457776037767243
0.24457776037767243
0.24457776037767243
0.24457776037767243
0.38785597622428275
0.30799504219066715
0.30799504219066715
0.24457776037767243
0.35246348151955337
0.6275977565659167
0.38785597622428275
0.24457776037767243
0.24457776037767243
0.24457776037767243
0.30799504219066715
0.30799504219066715
0.35246348151955337
0.24457776037767243
0.38785597622428275
0.24457776037767243
0.24457776037767243
0.24457776037767243
0.24457776037767243
0.30799504219066715
0.24457776037767243
0.5260546540563154
0.24457776037767243
0.38785597622428275
0.30799504219066715
0.5260546540563154
0.38785597622428275
0.24457776037767243
0.24457776037767243
0.35246348151955337
0.24457776037767243
0.24457776037767243
0.30799504219066715
0.24457776037767243
0.30799504219066715
0.24457776037767243
0.30799504219066715
0.30799504219066715
0.24457776037767243
0.35246348151955337
0.24457776037767243
0.24457776037767243
0.30799504219066715
0.7496022305770282
0.417738117504164
0.38785597622428275
0.38785597622428275
0.24457776037767243
0.24457776037767243
0.24457776037767243
0.24457776037767243
0.24457776037767243
0.24457776037767243
0.38785597622428275
0.4438547670632546
0.38785597622428275
0.24457776037767243
0.48842428508886493
0.24457776037767243
0.35246348151955337
0.24457776037767243
0.24457776037767243
0.24457776037767243
0.24457776037767243
0.24457776037767243
0.5260546540563154
0.35246348151955337
0.24457776037767243
0.30799504219066715
0.4438547670632546
0.24457776037767243
0.30799504219066715
0.30799504219066715
0.5429985248850627
0.24457776037767243
0.6624569017251607
0.24457776037767243
0.6150692444832134
0.24457776037767243
0.30799504219066715
0.30799504219066715
0.5079386842575143
0.24457776037767243
0.24457776037767243
0.24457776037767243
0.24457776037767243
0.24457776037767243
0.24457776037767243
0.24457776037767243
0.35246348151955337
0.24457776037767243
0.24457776037767243
0.24457776037767243
0.46720590335628936
0.30799504219066715
0.417738117504164
0.30799504219066715
0.24457776037767243
0.30799504219066715
0.30799504219066715
0.30799504219066715
0.8054986436238576
0.38785597622428275
0.35246348151955337
0.30799504219066715
0.4438547670632546
0.30799504219066715
0.24457776037767243
0.24457776037767243
0.24457776037767243
0.24457776037767243
0.24457776037767243
0.30799504219066715
0.38785597622428275
0.24457776037767243
0.24457776037767243
0.24457776037767243
0.24457776037767243
0.30799504219066715
0.417738117504164
0.24457776037767243
0.24457776037767243
0.35246348151955337
0.24457776037767243
0.24457776037767243
0.24457776037767243
0.24457776037767243
0.30799504219066715
0.24457776037767243
0.9599364640981015
0.24457776037767243
0.30799504219066715
0.24457776037767243
0.35246348151955337
0.30799504219066715
0.6020066216633133
0.24457776037767243
0.30799504219066715
0.30799504219066715
0.417738117504164
0.30799504219066715
0.24457776037767243
0.38785597622428275
0.30799504219066715
0.24457776037767243
0.24457776037767243
0.30799504219066715
0.24457776037767243
0.24457776037767243
0.38785597622428275
0.35246348151955337
0.35246348151955337
0.24457776037767243
0.35246348151955337
0.24457776037767243
0.24457776037767243
0.24457776037767243
0.417738117504164
0.30799504219066715
0.30799504219066715
0.30799504219066715
0.24457776037767243
0.24457776037767243
0.30799504219066715
0.35246348151955337
0.24457776037767243
0.24457776037767243
0.24457776037767243
0.24457776037767243
0.30799504219066715
0.24457776037767243
0.24457776037767243
0.35246348151955337
0.24457776037767243
0.24457776037767243
0.5740239467387159
0.24457776037767243
0.24457776037767243
0.24457776037767243
0.8201153722562243
0.38785597622428275
0.30799504219066715
0.24457776037767243
0.30799504219066715
0.30799504219066715
0.24457776037767243
0.30799504219066715
0.24457776037767243
0.24457776037767243
0.30799504219066715
0.30799504219066715
0.30799504219066715
0.24457776037767243
0.24457776037767243
0.24457776037767243
0.5260546540563154
0.30799504219066715
0.24457776037767243
0.38785597622428275
0.5740239467387159
0.24457776037767243
0.24457776037767243
0.30799504219066715
0.24457776037767243
0.24457776037767243
0.24457776037767243
0.24457776037767243
0.30799504219066715
0.30799504219066715
0.24457776037767243
0.35246348151955337
0.24457776037767243
0.24457776037767243
0.24457776037767243
0.30799504219066715
0.30799504219066715
0.24457776037767243
0.24457776037767243
0.24457776037767243
0.24457776037767243
0.24457776037767243
0.24457776037767243
0.24457776037767243
0.24457776037767243
0.24457776037767243
0.24457776037767243
0.30799504219066715
0.24457776037767243
0.24457776037767243
0.417738117504164
0.24457776037767243
0.30799504219066715
0.24457776037767243
0.4438547670632546
0.30799504219066715
0.5740239467387159
0.35246348151955337
0.24457776037767243
0.24457776037767243
0.24457776037767243
0.24457776037767243
1.178418084819602
0.24457776037767243
0.35246348151955337
0.24457776037767243
0.24457776037767243
0.24457776037767243
0.30799504219066715
0.24457776037767243
0.417738117504164
0.35246348151955337
0.38785597622428275
0.24457776037767243
0.38785597622428275
0.24457776037767243
0.24457776037767243
0.24457776037767243
0.4438547670632546
0.30799504219066715
0.35246348151955337
0.30799504219066715
0.6512506810858218
0.24457776037767243
0.417738117504164
0.24457776037767243
0.24457776037767243
0.30799504219066715
0.24457776037767243
0.24457776037767243
0.30799504219066715
0.24457776037767243
0.24457776037767243
0.24457776037767243
0.35246348151955337
0.38785597622428275
0.24457776037767243
0.30799504219066715
0.24457776037767243
0.30799504219066715
0.4438547670632546
0.24457776037767243
0.38785597622428275
0.24457776037767243
0.24457776037767243
0.417738117504164
0.24457776037767243
0.5589431659570291
0.24457776037767243
0.24457776037767243
0.24457776037767243
0.24457776037767243
0.30799504219066715
0.24457776037767243
0.35246348151955337
0.30799504219066715
0.9217968389088108
0.35246348151955337
0.24457776037767243
0.24457776037767243
0.24457776037767243
0.30799504219066715
0.24457776037767243
0.24457776037767243
0.24457776037767243
0.30799504219066715
0.782520660281763
0.24457776037767243
0.24457776037767243
0.24457776037767243
0.30799504219066715
0.24457776037767243
0.24457776037767243
0.30799504219066715
0.24457776037767243
0.30799504219066715
0.24457776037767243
0.24457776037767243
0.4438547670632546
0.30799504219066715
0.46720590335628936
0.30799504219066715
0.30799504219066715
0.30799504219066715
0.24457776037767243
0.24457776037767243
0.48842428508886493
0.30799504219066715
0.5429985248850627
0.24457776037767243
0.24457776037767243
0.24457776037767243
0.30799504219066715
0.24457776037767243
0.30799504219066715
0.24457776037767243
0.5260546540563154
0.30799504219066715
0.24457776037767243
0.24457776037767243
0.30799504219066715
0.417738117504164
0.30799504219066715
0.24457776037767243
0.417738117504164
0.24457776037767243
0.24457776037767243
0.24457776037767243
0.24457776037767243
0.38785597622428275
0.30799504219066715
0.24457776037767243
0.24457776037767243
0.24457776037767243
0.46720590335628936
0.24457776037767243
0.24457776037767243
0.35246348151955337
0.24457776037767243
0.24457776037767243
0.24457776037767243
0.24457776037767243
0.24457776037767243
0.24457776037767243
0.30799504219066715
0.30799504219066715
0.24457776037767243
0.30799504219066715
0.24457776037767243
0.24457776037767243
0.35246348151955337
0.30799504219066715
0.24457776037767243
0.24457776037767243
0.24457776037767243
0.24457776037767243
0.24457776037767243
0.24457776037767243
0.6150692444832134
0.24457776037767243
0.417738117504164
0.30799504219066715
0.24457776037767243
0.5740239467387159
0.30799504219066715
0.24457776037767243
1.1314744996723451
0.4438547670632546
0.6512506810858218
0.24457776037767243
0.24457776037767243
0.30799504219066715
0.24457776037767243
0.24457776037767243
0.24457776037767243
0.24457776037767243
0.30799504219066715
0.24457776037767243
0.24457776037767243
0.30799504219066715
0.24457776037767243
0.24457776037767243
0.24457776037767243
0.24457776037767243
0.4438547670632546
0.24457776037767243
0.24457776037767243
0.24457776037767243
0.417738117504164
0.24457776037767243
0.5589431659570291
0.35246348151955337
0.46720590335628936
0.30799504219066715
0.24457776037767243
0.24457776037767243
0.35246348151955337
0.24457776037767243
0.24457776037767243
0.30799504219066715
0.24457776037767243
0.24457776037767243
0.30799504219066715
0.24457776037767243
0.417738117504164
0.24457776037767243
0.24457776037767243
0.30799504219066715
0.24457776037767243
0.24457776037767243
0.5079386842575143
0.24457776037767243
0.30799504219066715
0.24457776037767243
0.46720590335628936
0.30799504219066715
0.24457776037767243
0.24457776037767243
0.24457776037767243
0.30799504219066715
0.8545378091183379
0.24457776037767243
0.24457776037767243
0.24457776037767243
0.5079386842575143
0.24457776037767243
0.24457776037767243
0.30799504219066715
0.38785597622428275
0.24457776037767243
0.24457776037767243
0.24457776037767243
0.6020066216633133
0.35246348151955337
0.35246348151955337
0.24457776037767243
0.24457776037767243
0.24457776037767243
0.24457776037767243
0.30799504219066715
0.24457776037767243
0.38785597622428275
0.6396435892069228
0.24457776037767243
0.24457776037767243
0.24457776037767243
0.30799504219066715
0.24457776037767243
0.46720590335628936
0.30799504219066715
0.7979863510627918
0.35246348151955337
0.5740239467387159
0.30799504219066715
0.24457776037767243
0.24457776037767243
0.24457776037767243
0.24457776037767243
0.24457776037767243
0.24457776037767243
0.7496022305770282
0.35246348151955337
0.30799504219066715
0.35246348151955337
0.30799504219066715
0.30799504219066715
0.30799504219066715
0.24457776037767243
0.30799504219066715
0.24457776037767243
0.5589431659570291
0.24457776037767243
0.24457776037767243
0.24457776037767243
0.38785597622428275
0.24457776037767243
0.24457776037767243
0.24457776037767243
0.417738117504164
0.30799504219066715
0.24457776037767243
0.24457776037767243
0.46720590335628936
0.24457776037767243
0.6512506810858218
0.24457776037767243
0.35246348151955337
0.24457776037767243
0.24457776037767243
0.24457776037767243
0.24457776037767243
0.24457776037767243
0.417738117504164
0.24457776037767243
0.24457776037767243
0.24457776037767243
0.24457776037767243
0.35246348151955337
0.24457776037767243
0.24457776037767243
0.24457776037767243
0.30799504219066715
0.30799504219066715
0.24457776037767243
0.30799504219066715
0.24457776037767243
0.4438547670632546
0.24457776037767243
0.24457776037767243
0.30799504219066715
0.24457776037767243
0.24457776037767243
0.35246348151955337
0.24457776037767243
0.24457776037767243
0.24457776037767243
0.24457776037767243
0.24457776037767243
0.35246348151955337
0.30799504219066715
0.24457776037767243
0.24457776037767243
0.24457776037767243
0.24457776037767243
0.417738117504164
0.24457776037767243
0.24457776037767243
0.30799504219066715
0.46720590335628936
0.24457776037767243
0.24457776037767243
0.24457776037767243
0.4438547670632546
0.24457776037767243
0.48842428508886493
0.24457776037767243
0.9651423219583405
0.35246348151955337
0.24457776037767243
0.30799504219066715
0.24457776037767243
0.24457776037767243
0.24457776037767243
0.24457776037767243
0.24457776037767243
0.30799504219066715
0.30799504219066715
0.5079386842575143
0.24457776037767243
0.24457776037767243
0.24457776037767243
0.24457776037767243
0.8478758129298589
0.24457776037767243
0.24457776037767243
0.30799504219066715
0.24457776037767243
0.30799504219066715
0.35246348151955337
0.24457776037767243
0.24457776037767243
0.35246348151955337
0.38785597622428275
0.24457776037767243
0.24457776037767243
0.24457776037767243
0.24457776037767243
0.24457776037767243
0.30799504219066715
0.24457776037767243
0.417738117504164
0.30799504219066715
0.24457776037767243
0.24457776037767243
0.30799504219066715
0.24457776037767243
0.24457776037767243
0.46720590335628936
0.38785597622428275
0.38785597622428275
0.24457776037767243
0.24457776037767243
0.417738117504164
0.24457776037767243
0.30799504219066715
0.30799504219066715
0.24457776037767243
0.24457776037767243
0.35246348151955337
0.24457776037767243
0.30799504219066715
0.24457776037767243
0.24457776037767243
0.24457776037767243
0.24457776037767243
0.24457776037767243
0.24457776037767243
0.24457776037767243
0.30799504219066715
0.30799504219066715
0.30799504219066715
0.24457776037767243
0.6624569017251607
0.24457776037767243
0.30799504219066715
0.24457776037767243
0.24457776037767243
0.24457776037767243
0.24457776037767243
0.24457776037767243
0.24457776037767243
0.24457776037767243
0.24457776037767243
0.30799504219066715
0.6732951476420453
0.24457776037767243
0.24457776037767243
0.24457776037767243
0.4438547670632546
0.24457776037767243
0.24457776037767243
0.35246348151955337
0.24457776037767243
0.24457776037767243
0.24457776037767243
0.24457776037767243
0.5740239467387159
0.24457776037767243
0.24457776037767243
0.30799504219066715
0.24457776037767243
0.30799504219066715
0.24457776037767243
0.24457776037767243
0.24457776037767243
0.24457776037767243
0.24457776037767243
0.24457776037767243
0.24457776037767243
0.24457776037767243
0.5429985248850627
0.24457776037767243
0.38785597622428275
0.24457776037767243
0.24457776037767243
0.24457776037767243
0.24457776037767243
0.24457776037767243
0.24457776037767243
0.24457776037767243
0.24457776037767243
0.30799504219066715
0.24457776037767243
0.30799504219066715
0.24457776037767243
0.24457776037767243
0.417738117504164
0.35246348151955337
0.35246348151955337
0.24457776037767243
0.30799504219066715
0.24457776037767243
0.46720590335628936
0.24457776037767243
0.30799504219066715
0.24457776037767243
0.4438547670632546
0.24457776037767243
0.24457776037767243
0.24457776037767243
0.24457776037767243
0.24457776037767243
0.24457776037767243
0.24457776037767243
0.24457776037767243
0.24457776037767243
0.24457776037767243
0.24457776037767243
0.30799504219066715
0.38785597622428275
0.24457776037767243
0.24457776037767243
0.24457776037767243
0.24457776037767243
0.24457776037767243
0.30799504219066715
0.24457776037767243
0.35246348151955337
0.24457776037767243
0.30799504219066715
0.24457776037767243
0.24457776037767243
0.24457776037767243
0.24457776037767243
0.38785597622428275
0.24457776037767243
0.24457776037767243
0.24457776037767243
0.8478758129298589
0.24457776037767243
0.24457776037767243
0.24457776037767243
0.24457776037767243
0.24457776037767243
0.24457776037767243
0.24457776037767243
0.24457776037767243
0.24457776037767243
0.24457776037767243
0.24457776037767243
0.24457776037767243
0.24457776037767243
0.24457776037767243
0.24457776037767243
0.30799504219066715
0.24457776037767243
0.46720590335628936
0.30799504219066715
0.24457776037767243
0.24457776037767243
0.24457776037767243
0.24457776037767243
0.24457776037767243
0.24457776037767243
0.24457776037767243
0.24457776037767243
0.4438547670632546
0.24457776037767243
0.30799504219066715
0.24457776037767243
0.24457776037767243
0.24457776037767243
0.30799504219066715
0.24457776037767243
0.24457776037767243
0.24457776037767243
0.24457776037767243
0.24457776037767243
0.24457776037767243
0.24457776037767243
0.24457776037767243
0.24457776037767243
0.24457776037767243
0.24457776037767243
0.24457776037767243
0.24457776037767243
0.24457776037767243
0.35246348151955337
0.35246348151955337
0.38785597622428275
0.30799504219066715
0.24457776037767243
0.30799504219066715
0.24457776037767243
0.24457776037767243
0.24457776037767243
0.24457776037767243
0.30799504219066715
0.24457776037767243
0.24457776037767243
0.24457776037767243
0.24457776037767243
0.24457776037767243
0.24457776037767243
0.30799504219066715
0.30799504219066715
0.24457776037767243
0.24457776037767243
0.7134955138458016
0.30799504219066715
0.35246348151955337
0.30799504219066715
0.5429985248850627
0.24457776037767243
0.938523936285272
0.30799504219066715
0.24457776037767243
0.24457776037767243
0.24457776037767243
0.24457776037767243
0.24457776037767243
0.24457776037767243
0.4438547670632546
0.24457776037767243
0.7319955697337737
0.30799504219066715
0.30799504219066715
0.24457776037767243
0.24457776037767243
0.24457776037767243
0.24457776037767243
0.24457776037767243
0.24457776037767243
0.24457776037767243
0.35246348151955337
0.24457776037767243
0.35246348151955337
0.24457776037767243
0.24457776037767243
0.24457776037767243
0.24457776037767243
0.24457776037767243
0.24457776037767243
0.30799504219066715
0.38785597622428275
0.24457776037767243
0.4438547670632546
0.24457776037767243
0.38785597622428275
0.24457776037767243
0.24457776037767243
0.24457776037767243
0.24457776037767243
0.24457776037767243
0.24457776037767243
0.30799504219066715
0.24457776037767243
0.24457776037767243
0.24457776037767243
0.417738117504164
0.24457776037767243
0.24457776037767243
0.24457776037767243
0.24457776037767243
0.48842428508886493
0.24457776037767243
0.5883490865798504
0.35246348151955337
0.6020066216633133
0.24457776037767243
0.5260546540563154
0.30799504219066715
0.5589431659570291
0.24457776037767243
0.24457776037767243
0.24457776037767243
0.24457776037767243
0.24457776037767243
0.30799504219066715
0.30799504219066715
0.24457776037767243
0.30799504219066715
0.30799504219066715
0.35246348151955337
0.24457776037767243
0.24457776037767243
0.30799504219066715
0.30799504219066715
0.24457776037767243
0.30799504219066715
0.24457776037767243
0.24457776037767243
0.35246348151955337
0.24457776037767243
0.24457776037767243
0.35246348151955337
0.24457776037767243
0.24457776037767243
0.7664160626460573
0.24457776037767243
0.24457776037767243
0.24457776037767243
0.24457776037767243
0.24457776037767243
0.24457776037767243
0.24457776037767243
0.24457776037767243
0.24457776037767243
0.6275977565659167
0.35246348151955337
0.30799504219066715
0.24457776037767243
0.24457776037767243
0.24457776037767243
0.417738117504164
0.24457776037767243
0.4438547670632546
0.24457776037767243
0.24457776037767243
0.24457776037767243
2.052238074143996
0.417738117504164
0.24457776037767243
0.24457776037767243
0.24457776037767243
0.38785597622428275
0.24457776037767243
0.24457776037767243
0.24457776037767243
0.35246348151955337
0.24457776037767243
0.24457776037767243
0.24457776037767243
0.35246348151955337
0.24457776037767243
0.24457776037767243
0.35246348151955337
0.24457776037767243
0.24457776037767243
0.35246348151955337
0.24457776037767243
0.24457776037767243
0.30799504219066715
0.30799504219066715
0.24457776037767243
0.24457776037767243
0.7581026768416665
0.38785597622428275
0.24457776037767243
0.30799504219066715
0.24457776037767243
0.24457776037767243
0.24457776037767243
0.24457776037767243
0.417738117504164
0.30799504219066715
0.24457776037767243
0.30799504219066715
0.30799504219066715
0.24457776037767243
0.24457776037767243
0.24457776037767243
0.417738117504164
0.38785597622428275
0.24457776037767243
0.24457776037767243
0.30799504219066715
0.24457776037767243
0.30799504219066715
0.24457776037767243
0.24457776037767243
0.24457776037767243
0.24457776037767243
0.24457776037767243
0.417738117504164
0.24457776037767243
0.5260546540563154
0.30799504219066715
0.35246348151955337
0.24457776037767243
0.5260546540563154
0.35246348151955337
0.35246348151955337
0.24457776037767243
0.24457776037767243
0.24457776037767243
0.24457776037767243
0.35246348151955337
0.24457776037767243
0.24457776037767243
0.782520660281763
0.35246348151955337
0.8478758129298589
0.24457776037767243
0.6732951476420453
0.24457776037767243
0.24457776037767243
0.24457776037767243
0.48842428508886493
0.24457776037767243
0.5079386842575143
0.24457776037767243
0.24457776037767243
0.30799504219066715
0.24457776037767243
0.24457776037767243
0.24457776037767243
0.30799504219066715
0.30799504219066715
0.24457776037767243
0.46720590335628936
0.24457776037767243
0.48842428508886493
0.35246348151955337
0.24457776037767243
0.24457776037767243
0.24457776037767243
0.30799504219066715
0.24457776037767243
0.24457776037767243
0.24457776037767243
0.24457776037767243
0.24457776037767243
0.35246348151955337
0.35246348151955337
0.35246348151955337
0.417738117504164
0.24457776037767243
0.417738117504164
0.24457776037767243
0.30799504219066715
0.30799504219066715
0.24457776037767243
0.24457776037767243
0.24457776037767243
0.30799504219066715
0.24457776037767243
0.24457776037767243
0.24457776037767243
0.35246348151955337
0.24457776037767243
0.30799504219066715
0.30799504219066715
0.24457776037767243
0.24457776037767243
0.24457776037767243
0.24457776037767243
0.24457776037767243
1.000100714687082
0.30799504219066715
0.38785597622428275
0.30799504219066715
0.24457776037767243
0.30799504219066715
0.35246348151955337
0.24457776037767243
0.5589431659570291
0.24457776037767243
0.24457776037767243
0.24457776037767243
0.30799504219066715
0.24457776037767243
0.7979863510627918
0.24457776037767243
0.30799504219066715
0.24457776037767243
0.24457776037767243
0.24457776037767243
0.30799504219066715
0.24457776037767243
0.46720590335628936
0.24457776037767243
0.24457776037767243
0.24457776037767243
0.24457776037767243
0.30799504219066715
0.5883490865798504
0.24457776037767243
0.24457776037767243
0.30799504219066715
0.24457776037767243
0.24457776037767243
0.24457776037767243
0.24457776037767243
0.35246348151955337
0.35246348151955337
0.24457776037767243
0.24457776037767243
0.417738117504164
0.24457776037767243
0.24457776037767243
0.24457776037767243
0.35246348151955337
0.24457776037767243
0.24457776037767243
0.30799504219066715
0.46720590335628936
0.30799504219066715
0.30799504219066715
0.24457776037767243
0.8128729290301581
0.30799504219066715
0.24457776037767243
0.24457776037767243
0.38785597622428275
0.24457776037767243
0.8478758129298589
0.24457776037767243
0.35246348151955337
0.24457776037767243
0.24457776037767243
0.24457776037767243
0.417738117504164
0.24457776037767243
0.24457776037767243
0.24457776037767243
0.24457776037767243
0.24457776037767243
0.24457776037767243
0.30799504219066715
0.24457776037767243
0.24457776037767243
0.35246348151955337
0.24457776037767243
0.24457776037767243
0.30799504219066715
0.24457776037767243
0.24457776037767243
0.38785597622428275
0.24457776037767243
0.24457776037767243
0.24457776037767243
0.24457776037767243
0.24457776037767243
0.48842428508886493
0.24457776037767243
0.24457776037767243
0.24457776037767243
0.30799504219066715
0.24457776037767243
0.24457776037767243
0.24457776037767243
0.24457776037767243
0.24457776037767243
0.35246348151955337
0.30799504219066715
0.30799504219066715
0.24457776037767243
0.35246348151955337
0.24457776037767243
0.35246348151955337
0.30799504219066715
0.24457776037767243
0.24457776037767243
0.24457776037767243
0.35246348151955337
0.24457776037767243
0.24457776037767243
0.35246348151955337
0.24457776037767243
0.7496022305770282
0.24457776037767243
0.24457776037767243
0.24457776037767243
0.30799504219066715
0.24457776037767243
0.24457776037767243
0.24457776037767243
0.24457776037767243
0.30799504219066715
0.24457776037767243
0.24457776037767243
0.24457776037767243
0.24457776037767243
0.35246348151955337
0.24457776037767243
0.417738117504164
0.24457776037767243
0.24457776037767243
0.24457776037767243
0.24457776037767243
0.24457776037767243
0.35246348151955337
0.24457776037767243
0.4438547670632546
0.24457776037767243
0.24457776037767243
0.24457776037767243
0.24457776037767243
0.30799504219066715
0.24457776037767243
0.24457776037767243
0.24457776037767243
0.24457776037767243
0.24457776037767243
0.24457776037767243
0.30799504219066715
0.24457776037767243
0.30799504219066715
0.24457776037767243
0.38785597622428275
0.24457776037767243
0.24457776037767243
0.24457776037767243
0.24457776037767243
0.24457776037767243
0.24457776037767243
0.24457776037767243
0.38785597622428275
0.24457776037767243
0.30799504219066715
0.24457776037767243
0.24457776037767243
0.24457776037767243
0.24457776037767243
0.24457776037767243
0.24457776037767243
0.24457776037767243
0.24457776037767243
0.24457776037767243
0.30799504219066715
0.24457776037767243
0.46720590335628936
0.30799504219066715
0.38785597622428275
0.24457776037767243
0.24457776037767243
0.24457776037767243
0.7319955697337737
0.30799504219066715
0.24457776037767243
0.24457776037767243
0.24457776037767243
0.24457776037767243
0.24457776037767243
0.24457776037767243
0.38785597622428275
0.24457776037767243
0.24457776037767243
0.24457776037767243
0.24457776037767243
0.24457776037767243
0.24457776037767243
0.24457776037767243
0.30799504219066715
0.24457776037767243
0.30799504219066715
0.24457776037767243
0.30799504219066715
0.24457776037767243
0.30799504219066715
0.24457776037767243
0.24457776037767243
0.24457776037767243
0.30799504219066715
0.24457776037767243
0.48842428508886493
0.24457776037767243
0.24457776037767243
0.24457776037767243
0.30799504219066715
0.30799504219066715
0.24457776037767243
0.24457776037767243
0.35246348151955337
0.30799504219066715
0.24457776037767243
0.24457776037767243
0.24457776037767243
0.24457776037767243
0.30799504219066715
0.24457776037767243
0.24457776037767243
0.24457776037767243
0.24457776037767243
0.24457776037767243
0.24457776037767243
0.24457776037767243
0.24457776037767243
0.24457776037767243
0.30799504219066715
0.24457776037767243
0.35246348151955337
0.24457776037767243
0.24457776037767243
0.24457776037767243
0.48842428508886493
0.24457776037767243
0.6150692444832134
0.24457776037767243
0.24457776037767243
0.24457776037767243
0.38785597622428275
0.24457776037767243
0.35246348151955337
0.24457776037767243
0.30799504219066715
0.24457776037767243
0.24457776037767243
0.24457776037767243
0.24457776037767243
0.30799504219066715
0.38785597622428275
0.24457776037767243
0.24457776037767243
0.24457776037767243
0.24457776037767243
0.24457776037767243
0.24457776037767243
0.24457776037767243
0.24457776037767243
0.24457776037767243
0.24457776037767243
0.24457776037767243
0.24457776037767243
0.24457776037767243
0.24457776037767243
0.24457776037767243
0.30799504219066715
0.24457776037767243
0.24457776037767243
0.24457776037767243
0.38785597622428275
0.24457776037767243
0.38785597622428275
0.24457776037767243
0.24457776037767243
0.24457776037767243
0.24457776037767243
0.24457776037767243
0.35246348151955337
0.24457776037767243
0.24457776037767243
0.24457776037767243
0.35246348151955337
0.24457776037767243
0.24457776037767243
0.24457776037767243
0.24457776037767243
0.24457776037767243
0.24457776037767243
0.24457776037767243
0.24457776037767243
0.24457776037767243
0.24457776037767243
0.24457776037767243
0.30799504219066715
0.24457776037767243
0.35246348151955337
0.24457776037767243
0.24457776037767243
0.24457776037767243
0.24457776037767243
0.24457776037767243
1.1044899312006213
0.24457776037767243
0.24457776037767243
0.24457776037767243
0.24457776037767243
0.24457776037767243
0.5079386842575143
0.24457776037767243
0.24457776037767243
0.24457776037767243
0.24457776037767243
0.24457776037767243
0.24457776037767243
0.24457776037767243
0.24457776037767243
0.24457776037767243
0.48842428508886493
0.24457776037767243
0.24457776037767243
0.24457776037767243
0.24457776037767243
0.24457776037767243
0.24457776037767243
0.30799504219066715
0.24457776037767243
0.24457776037767243
0.24457776037767243
0.24457776037767243
0.24457776037767243
0.24457776037767243
0.30799504219066715
0.24457776037767243
0.30799504219066715
0.24457776037767243
0.24457776037767243
0.24457776037767243
0.30799504219066715
0.24457776037767243
0.38785597622428275
0.24457776037767243
0.24457776037767243
0.24457776037767243
0.24457776037767243
0.24457776037767243
0.24457776037767243
0.24457776037767243
0.35246348151955337
0.24457776037767243
0.24457776037767243
0.24457776037767243
0.24457776037767243
0.24457776037767243
0.24457776037767243
0.24457776037767243
0.6020066216633133
0.24457776037767243
0.24457776037767243
0.24457776037767243
0.46720590335628936
0.24457776037767243
0.35246348151955337
0.24457776037767243
0.30799504219066715
0.24457776037767243
0.30799504219066715
0.24457776037767243
0.24457776037767243
0.24457776037767243
0.24457776037767243
0.24457776037767243
0.24457776037767243
0.24457776037767243
0.24457776037767243
0.24457776037767243
0.24457776037767243
0.24457776037767243
0.24457776037767243
0.24457776037767243
0.24457776037767243
0.24457776037767243
0.24457776037767243
0.24457776037767243
0.48842428508886493
0.24457776037767243
0.24457776037767243
0.24457776037767243
0.35246348151955337
0.24457776037767243
0.38785597622428275
0.24457776037767243
0.24457776037767243
0.30799504219066715
0.24457776037767243
0.24457776037767243
0.30799504219066715
0.24457776037767243
0.24457776037767243
0.24457776037767243
0.417738117504164
0.24457776037767243
0.24457776037767243
0.24457776037767243
0.24457776037767243
0.24457776037767243
0.35246348151955337
0.24457776037767243
0.30799504219066715
0.24457776037767243
0.24457776037767243
0.24457776037767243
0.24457776037767243
0.24457776037767243
0.24457776037767243
0.24457776037767243
0.24457776037767243
0.24457776037767243
0.46720590335628936
0.24457776037767243
0.48842428508886493
0.24457776037767243
0.24457776037767243
0.24457776037767243
0.24457776037767243
0.24457776037767243
0.48842428508886493
0.24457776037767243
0.24457776037767243
0.24457776037767243
0.30799504219066715
0.24457776037767243
0.24457776037767243
0.24457776037767243
0.24457776037767243
0.24457776037767243
0.30799504219066715
0.24457776037767243
0.24457776037767243
0.24457776037767243
0.24457776037767243
0.24457776037767243
0.417738117504164
0.24457776037767243
0.24457776037767243
0.24457776037767243
0.38785597622428275
0.24457776037767243
0.24457776037767243
0.24457776037767243
0.24457776037767243
0.24457776037767243
0.24457776037767243
0.24457776037767243
0.24457776037767243
0.24457776037767243
0.30799504219066715
0.24457776037767243
0.24457776037767243
0.24457776037767243
0.24457776037767243
0.24457776037767243
0.24457776037767243
0.24457776037767243
0.30799504219066715
0.24457776037767243
0.5079386842575143
0.24457776037767243
0.880197152370632
0.24457776037767243
0.24457776037767243
0.24457776037767243
0.24457776037767243
0.24457776037767243
0.30799504219066715
0.30799504219066715
0.24457776037767243
0.24457776037767243
0.30799504219066715
0.24457776037767243
0.30799504219066715
0.24457776037767243
0.24457776037767243
0.24457776037767243
0.35246348151955337
0.24457776037767243
0.24457776037767243
0.24457776037767243
0.24457776037767243
0.24457776037767243
0.24457776037767243
0.24457776037767243
0.35246348151955337
0.24457776037767243
0.24457776037767243
0.24457776037767243
0.30799504219066715
0.24457776037767243
0.5429985248850627
0.24457776037767243
0.24457776037767243
0.24457776037767243
0.24457776037767243
0.24457776037767243
0.30799504219066715
0.24457776037767243
0.30799504219066715
0.24457776037767243
0.24457776037767243
0.24457776037767243
0.5429985248850627
0.24457776037767243
0.30799504219066715
0.24457776037767243
0.30799504219066715
0.24457776037767243
0.4438547670632546
0.24457776037767243
0.35246348151955337
0.24457776037767243
0.24457776037767243
0.24457776037767243
0.24457776037767243
0.24457776037767243
0.24457776037767243
0.24457776037767243
0.417738117504164
0.24457776037767243
0.24457776037767243
0.24457776037767243
0.24457776037767243
0.24457776037767243
0.417738117504164
0.24457776037767243
0.24457776037767243
0.24457776037767243
0.38785597622428275
0.24457776037767243
0.417738117504164
0.24457776037767243
0.35246348151955337
0.24457776037767243
0.24457776037767243
0.24457776037767243
0.24457776037767243
0.24457776037767243
0.24457776037767243
0.24457776037767243
0.24457776037767243
0.24457776037767243
0.30799504219066715
0.24457776037767243
0.38785597622428275
0.24457776037767243
0.30799504219066715
0.24457776037767243
0.35246348151955337
0.24457776037767243
0.24457776037767243
0.24457776037767243
0.35246348151955337
0.24457776037767243
0.30799504219066715
0.24457776037767243
0.24457776037767243
0.24457776037767243
0.8128729290301581
0.24457776037767243
0.24457776037767243
0.24457776037767243
0.24457776037767243
0.24457776037767243
0.38785597622428275
0.24457776037767243
0.24457776037767243
0.30799504219066715
0.35246348151955337
0.24457776037767243
0.24457776037767243
0.24457776037767243
0.24457776037767243
0.24457776037767243
0.30799504219066715
0.24457776037767243
0.24457776037767243
0.24457776037767243
0.38785597622428275
0.24457776037767243
0.24457776037767243
0.24457776037767243
0.24457776037767243
0.24457776037767243
0.38785597622428275
0.24457776037767243
0.30799504219066715
0.24457776037767243
0.24457776037767243
0.24457776037767243
0.24457776037767243
0.24457776037767243
0.24457776037767243
0.24457776037767243
0.24457776037767243
0.24457776037767243
0.38785597622428275
0.24457776037767243
0.5429985248850627
0.24457776037767243
0.24457776037767243
0.24457776037767243
0.30799504219066715
0.24457776037767243
0.24457776037767243
0.24457776037767243
0.30799504219066715
0.24457776037767243
0.30799504219066715
0.24457776037767243
0.417738117504164
0.24457776037767243
0.24457776037767243
0.24457776037767243
0.24457776037767243
0.24457776037767243
0.5883490865798504
0.24457776037767243
0.35246348151955337
0.24457776037767243
0.6732951476420453
0.24457776037767243
0.24457776037767243
0.24457776037767243
0.30799504219066715
0.24457776037767243
0.24457776037767243
0.24457776037767243
0.24457776037767243
0.24457776037767243
0.30799504219066715
0.24457776037767243
0.24457776037767243
0.24457776037767243
0.24457776037767243
0.24457776037767243
0.24457776037767243
0.24457776037767243
0.24457776037767243
0.24457776037767243
0.24457776037767243
0.24457776037767243
0.24457776037767243
0.24457776037767243
0.24457776037767243
0.24457776037767243
0.30799504219066715
0.24457776037767243
0.30799504219066715
0.24457776037767243
0.24457776037767243
0.24457776037767243
0.24457776037767243
0.24457776037767243
0.30799504219066715
0.24457776037767243
0.5589431659570291
0.24457776037767243
0.38785597622428275
0.24457776037767243
0.24457776037767243
0.24457776037767243
0.46720590335628936
0.24457776037767243
0.24457776037767243
0.24457776037767243
0.24457776037767243
0.24457776037767243
0.24457776037767243
0.24457776037767243
0.24457776037767243
0.24457776037767243
0.24457776037767243
0.24457776037767243
0.24457776037767243
0.24457776037767243
0.24457776037767243
0.24457776037767243
0.46720590335628936
0.24457776037767243
0.4438547670632546
0.24457776037767243
0.24457776037767243
0.24457776037767243
0.24457776037767243
0.24457776037767243
0.24457776037767243
0.24457776037767243
0.30799504219066715
0.24457776037767243
0.24457776037767243
0.24457776037767243
