3.43389979153031
2.8736203976813885
2.47449622039963
2.076058431705744
1.9086818908839
1.5605989666028792
2.212380924976527
0.9699408422281094
1.8274257812335661
1.1692069638653009
1.76594767792258
1.3238617146999676
1.5318916714814927
0.6857335975932346
1.06005975361198
0.2986354396528771
0.9880012425549345
0.44036699925740935
1.0168262380994038
0.5082379690162342
0.7188808678036012
1.4058136618058763
1.054831266529834
0.23373312477887426
0.8761460515951395
0.6088296314242082
0.9760289939970062
1.929776392490936
1.1379939498952412
1.1425489344560915
0.8456884087323286
1.6007071202012695
1.2113161943695965
1.0904846495308558
1.2072252080313444
0.5787953799627368
0.3815596351652761
2.6140874253805673
1.7219683072256917
1.833177405753807
0.8611634715721155
1.1648411076618093
0.963781995192817
1.1099356855307179
0.3815596351652761
1.1735432104710861
1.2234400332452642
1.2991755060506625
1.0805166361851837
0.5626467902496505
0.4875099732191345
0.7686202966141794
0.5082379690162342
1.94360843344686
1.4569039192141195
0.6740071754040214
0.9252173106593303
1.47417539306813
1.2773114835971422
0.44036699925740935
0.3446622239663539
0.7686202966141794
0.9760289939970062
0.5626467902496505
0.4128785875432703
0.8611634715721155
0.9047814605374384
0.3446622239663539
0.777887622159155
0.5626467902496505
0.5456029548115683
0.23373312477887426
0.3815596351652761
0.5626467902496505
0.7395135495995763
0.4128785875432703
0.3446622239663539
0.8214556151442313
0.6740071754040214
1.1692069638653009
0.4128785875432703
0.5787953799627368
0.8534900779174381
1.2392711137118804
0.46503110984095647
0.7869573324358612
0.3815596351652761
0.7081456851176898
0.7395135495995763
0.9699408422281094
0.9252173106593303
0.4128785875432703
0.9512435941369398
0.4875099732191345
0.46503110984095647
1.6319915152744253
0.8611634715721155
0.3446622239663539
0.23373312477887426
0.23373312477887426
0.3446622239663539
1.0954067668433995
0.6228802841924672
0.6493639678545328
0.7395135495995763
0.3446622239663539
0.46503110984095647
0.23373312477887426
0.8687138284197852
1.1147021671231228
1.1515606021591047
1.295578213157382
0.4875099732191345
0.6363740687816434
0.6971043511278485
0.5456029548115683
0.3446622239663539
0.23373312477887426
0.3815596351652761
0.2986354396528771
0.7081456851176898
0.4128785875432703
0.5787953799627368
0.46503110984095647
0.5456029548115683
0.3446622239663539
0.5456029548115683
0.3815596351652761
0.23373312477887426
0.4128785875432703
0.23373312477887426
0.6857335975932346
0.4128785875432703
0.44036699925740935
0.6228802841924672
0.8130805164825884
0.5456029548115683
0.46503110984095647
0.777887622159155
0.6228802841924672
0.5082379690162342
0.9383954543383699
0.5082379690162342
0.23373312477887426
0.7869573324358612
0.8214556151442313
0.6088296314242082
0.6228802841924672
0.4128785875432703
0.2986354396528771
0.46503110984095647
0.9880012425549345
1.0054772903172182
0.23373312477887426
0.3815596351652761
0.7686202966141794
0.46503110984095647
1.0495549529661479
0.6618953014821014
1.1470709515517752
1.1241249049158175
0.2986354396528771
0.5787953799627368
0.7869573324358612
0.6493639678545328
0.963781995192817
0.9252173106593303
0.23373312477887426
0.6228802841924672
0.2986354396528771
0.23373312477887426
0.4128785875432703
0.2986354396528771
1.3708564337570333
0.5082379690162342
0.9383954543383699
0.777887622159155
1.54506141397879
0.7591440057085835
1.1051314758835296
0.5082379690162342
0.3446622239663539
0.2986354396528771
0.6228802841924672
0.2986354396528771
0.6618953014821014
0.23373312477887426
0.23373312477887426
0.6088296314242082
1.6152838103936709
0.46503110984095647
0.3446622239663539
0.5275254786025426
0.2986354396528771
0.4128785875432703
0.3815596351652761
0.6971043511278485
1.1906020203089072
0.3815596351652761
0.777887622159155
0.7958398181554589
0.23373312477887426
0.23373312477887426
0.23373312477887426
0.46503110984095647
0.4128785875432703
0.3446622239663539
0.6363740687816434
0.6363740687816434
0.44036699925740935
0.46503110984095647
0.3446622239663539
0.23373312477887426
0.8977785026482876
0.8130805164825884
0.2986354396528771
0.3446622239663539
0.6228802841924672
0.23373312477887426
0.2986354396528771
0.2986354396528771
0.3815596351652761
0.2986354396528771
0.8906742019555407
0.4128785875432703
0.7293306338714279
0.7293306338714279
0.7188808678036012
0.4875099732191345
1.0054772903172182
0.5275254786025426
0.44036699925740935
0.7081456851176898
0.4128785875432703
0.5456029548115683
1.06005975361198
0.7188808678036012
0.7293306338714279
0.3815596351652761
0.8534900779174381
0.4128785875432703
0.23373312477887426
0.23373312477887426
0.3446622239663539
0.44036699925740935
0.5787953799627368
0.6618953014821014
0.23373312477887426
0.23373312477887426
0.8377528572138296
0.3446622239663539
0.46503110984095647
0.9448594597914265
0.3815596351652761
0.3815596351652761
1.128782583001919
0.5082379690162342
0.7958398181554589
0.6228802841924672
0.23373312477887426
0.2986354396528771
0.6618953014821014
0.6493639678545328
0.2986354396528771
0.23373312477887426
0.6493639678545328
0.2986354396528771
0.7958398181554589
0.7293306338714279
0.5626467902496505
0.2986354396528771
0.3815596351652761
0.23373312477887426
0.6493639678545328
0.3446622239663539
0.883464737566574
0.8214556151442313
0.23373312477887426
0.46503110984095647
0.4875099732191345
0.46503110984095647
0.999713914477543
0.6971043511278485
0.3815596351652761
0.23373312477887426
0.2986354396528771
0.23373312477887426
0.8045446189361254
0.2986354396528771
0.23373312477887426
0.7686202966141794
0.23373312477887426
0.4128785875432703
0.6857335975932346
0.6740071754040214
0.44036699925740935
0.963781995192817
0.4128785875432703
0.3446622239663539
0.23373312477887426
0.3815596351652761
1.3995760409419826
0.2986354396528771
0.5787953799627368
0.6228802841924672
0.23373312477887426
0.3815596351652761
0.6493639678545328
0.44036699925740935
0.3815596351652761
0.46503110984095647
0.2986354396528771
0.46503110984095647
0.777887622159155
0.44036699925740935
0.8045446189361254
0.5941595572771442
0.3446622239663539
0.2986354396528771
0.2986354396528771
0.23373312477887426
0.5787953799627368
0.5456029548115683
0.2986354396528771
0.5082379690162342
0.5082379690162342
0.4875099732191345
0.23373312477887426
0.2986354396528771
0.23373312477887426
0.4875099732191345
0.5082379690162342
0.3446622239663539
0.23373312477887426
0.46503110984095647
0.2986354396528771
0.5787953799627368
0.46503110984095647
0.23373312477887426
0.46503110984095647
0.5787953799627368
0.44036699925740935
0.5626467902496505
0.23373312477887426
0.6618953014821014
0.6740071754040214
0.5456029548115683
0.2986354396528771
0.4128785875432703
0.5082379690162342
0.4128785875432703
0.2986354396528771
0.5456029548115683
0.44036699925740935
0.3446622239663539
0.3446622239663539
0.6618953014821014
0.3815596351652761
0.46503110984095647
0.23373312477887426
0.23373312477887426
0.9938891300229904
0.7188808678036012
0.6088296314242082
0.5456029548115683
0.7395135495995763
0.6228802841924672
2.549706047260326
1.0111808799823778
0.3446622239663539
0.2986354396528771
0.23373312477887426
0.4128785875432703
0.23373312477887426
0.2986354396528771
0.5275254786025426
0.5082379690162342
0.6088296314242082
0.6088296314242082
0.44036699925740935
0.4128785875432703
0.23373312477887426
0.883464737566574
0.23373312477887426
0.2986354396528771
0.6088296314242082
0.3815596351652761
0.3446622239663539
0.44036699925740935
0.23373312477887426
0.6088296314242082
0.883464737566574
0.5626467902496505
0.23373312477887426
0.5082379690162342
0.6618953014821014
0.5626467902496505
0.2986354396528771
0.23373312477887426
0.5275254786025426
0.44036699925740935
0.2986354396528771
0.23373312477887426
0.4128785875432703
0.23373312477887426
0.3815596351652761
0.3815596351652761
0.23373312477887426
0.44036699925740935
0.2986354396528771
0.3446622239663539
0.3446622239663539
0.6971043511278485
0.44036699925740935
0.3815596351652761
1.1334053787512863
0.5941595572771442
0.23373312477887426
0.3446622239663539
0.8045446189361254
0.46503110984095647
0.23373312477887426
0.23373312477887426
0.6971043511278485
0.23373312477887426
0.7686202966141794
0.5626467902496505
0.2986354396528771
0.3446622239663539
0.3815596351652761
0.4128785875432703
0.46503110984095647
0.3446622239663539
0.2986354396528771
0.3815596351652761
0.44036699925740935
0.23373312477887426
0.23373312477887426
0.3446622239663539
0.4875099732191345
0.3446622239663539
0.23373312477887426
0.3446622239663539
0.23373312477887426
0.23373312477887426
0.2986354396528771
0.46503110984095647
0.44036699925740935
0.6618953014821014
0.8977785026482876
0.2986354396528771
0.5787953799627368
0.5082379690162342
0.2986354396528771
0.3446622239663539
0.5275254786025426
0.23373312477887426
0.23373312477887426
0.6363740687816434
0.23373312477887426
0.3446622239663539
1.128782583001919
0.3815596351652761
0.23373312477887426
0.23373312477887426
0.44036699925740935
0.5787953799627368
0.6740071754040214
0.6740071754040214
0.9116866781824257
0.4875099732191345
0.2986354396528771
0.23373312477887426
0.3446622239663539
0.5082379690162342
0.3815596351652761
0.4128785875432703
0.44036699925740935
0.44036699925740935
0.8534900779174381
0.7188808678036012
0.3446622239663539
0.4128785875432703
0.5456029548115683
0.3815596351652761
0.23373312477887426
0.23373312477887426
0.2986354396528771
0.2986354396528771
0.7188808678036012
0.23373312477887426
0.4875099732191345
0.4128785875432703
0.9575503238409115
0.7293306338714279
1.4481259937312867
0.8687138284197852
0.3815596351652761
0.23373312477887426
0.8377528572138296
0.5456029548115683
0.23373312477887426
0.2986354396528771
0.8296774118706461
0.3815596351652761
0.23373312477887426
0.3815596351652761
0.2986354396528771
0.4128785875432703
0.46503110984095647
0.4875099732191345
0.8761460515951395
0.5941595572771442
0.23373312477887426
0.3815596351652761
0.6228802841924672
0.2986354396528771
0.6088296314242082
0.23373312477887426
0.23373312477887426
0.2986354396528771
0.4128785875432703
0.46503110984095647
0.23373312477887426
0.3446622239663539
0.9116866781824257
0.46503110984095647
0.5275254786025426
0.3446622239663539
1.2072252080313444
0.3815596351652761
0.4128785875432703
0.3815596351652761
0.23373312477887426
0.2986354396528771
1.4510627641294136
0.2986354396528771
0.2986354396528771
0.5456029548115683
0.4128785875432703
0.3815596351652761
0.2986354396528771
0.2986354396528771
0.5626467902496505
0.23373312477887426
0.2986354396528771
0.3815596351652761
0.23373312477887426
0.46503110984095647
0.5456029548115683
0.4128785875432703
0.23373312477887426
0.4128785875432703
0.963781995192817
0.3446622239663539
0.2986354396528771
0.4875099732191345
2.073008965326128
0.2986354396528771
0.3815596351652761
0.7395135495995763
0.23373312477887426
0.23373312477887426
0.5941595572771442
0.2986354396528771
0.6088296314242082
0.2986354396528771
0.7293306338714279
0.44036699925740935
0.7869573324358612
0.46503110984095647
0.4875099732191345
0.9383954543383699
0.5626467902496505
0.5275254786025426
0.23373312477887426
0.23373312477887426
0.6971043511278485
0.4128785875432703
0.5082379690162342
0.23373312477887426
0.3815596351652761
0.3446622239663539
0.4128785875432703
0.4128785875432703
0.5787953799627368
0.44036699925740935
0.8214556151442313
0.46503110984095647
0.5275254786025426
0.2986354396528771
0.23373312477887426
0.23373312477887426
0.23373312477887426
0.6088296314242082
0.3446622239663539
0.3815596351652761
0.3815596351652761
0.23373312477887426
0.3446622239663539
0.3446622239663539
0.9252173106593303
0.2986354396528771
0.5941595572771442
0.23373312477887426
0.23373312477887426
0.3446622239663539
0.23373312477887426
0.2986354396528771
0.2986354396528771
0.23373312477887426
0.5456029548115683
0.23373312477887426
0.4128785875432703
0.2986354396528771
0.5275254786025426
0.3446622239663539
0.23373312477887426
0.23373312477887426
0.23373312477887426
0.6618953014821014
0.23373312477887426
0.2986354396528771
0.46503110984095647
0.3446622239663539
0.5275254786025426
0.5082379690162342
0.2986354396528771
0.23373312477887426
0.3446622239663539
0.4128785875432703
0.44036699925740935
0.2986354396528771
0.2986354396528771
0.23373312477887426
0.23373312477887426
0.23373312477887426
0.3815596351652761
0.3446622239663539
0.23373312477887426
0.6228802841924672
0.3446622239663539
0.6088296314242082
0.2986354396528771
0.23373312477887426
0.2986354396528771
0.3815596351652761
0.3446622239663539
0.2986354396528771
0.5456029548115683
0.3815596351652761
0.23373312477887426
0.5787953799627368
0.7081456851176898
0.4128785875432703
0.2986354396528771
0.3446622239663539
0.23373312477887426
0.44036699925740935
0.3446622239663539
0.3815596351652761
0.44036699925740935
0.23373312477887426
0.3815596351652761
0.2986354396528771
0.44036699925740935
0.6228802841924672
0.5082379690162342
0.23373312477887426
1.273600327641793
0.23373312477887426
0.6363740687816434
0.46503110984095647
0.2986354396528771
0.6088296314242082
0.23373312477887426
0.23373312477887426
0.23373312477887426
0.23373312477887426
0.23373312477887426
0.3446622239663539
0.3446622239663539
0.3446622239663539
0.3815596351652761
0.3815596351652761
0.23373312477887426
0.23373312477887426
0.4875099732191345
0.5082379690162342
0.4875099732191345
0.44036699925740935
0.5941595572771442
0.2986354396528771
0.23373312477887426
0.23373312477887426
0.2986354396528771
0.23373312477887426
0.3446622239663539
0.6088296314242082
0.23373312477887426
0.2986354396528771
0.46503110984095647
0.23373312477887426
0.6740071754040214
0.5275254786025426
0.23373312477887426
0.2986354396528771
0.2986354396528771
0.2986354396528771
0.23373312477887426
0.23373312477887426
0.6363740687816434
0.4128785875432703
0.8296774118706461
0.5941595572771442
0.23373312477887426
0.3446622239663539
0.23373312477887426
0.3446622239663539
0.23373312477887426
0.44036699925740935
0.23373312477887426
0.2986354396528771
0.23373312477887426
0.2986354396528771
0.2986354396528771
0.3446622239663539
0.23373312477887426
0.4875099732191345
0.23373312477887426
0.6228802841924672
0.23373312477887426
0.46503110984095647
0.3815596351652761
0.3815596351652761
0.6228802841924672
0.2986354396528771
0.2986354396528771
0.2986354396528771
0.23373312477887426
0.23373312477887426
0.23373312477887426
0.4128785875432703
0.23373312477887426
0.3815596351652761
1.0754689499604766
0.23373312477887426
0.2986354396528771
0.23373312477887426
0.4128785875432703
0.2986354396528771
0.2986354396528771
0.3815596351652761
0.3815596351652761
0.2986354396528771
0.44036699925740935
0.5275254786025426
0.2986354396528771
0.23373312477887426
0.2986354396528771
0.2986354396528771
0.2986354396528771
0.3446622239663539
0.23373312477887426
0.3446622239663539
1.0495549529661479
0.23373312477887426
0.23373312477887426
0.23373312477887426
0.3446622239663539
0.23373312477887426
1.2661180984060523
0.5082379690162342
0.23373312477887426
0.23373312477887426
0.5082379690162342
0.5275254786025426
0.23373312477887426
0.23373312477887426
0.23373312477887426
0.23373312477887426
0.5626467902496505
0.23373312477887426
0.6363740687816434
0.3446622239663539
0.7188808678036012
0.2986354396528771
0.2986354396528771
0.23373312477887426
0.4128785875432703
0.4875099732191345
0.3446622239663539
0.4128785875432703
0.4875099732191345
0.4128785875432703
0.6740071754040214
0.23373312477887426
0.6088296314242082
0.23373312477887426
0.23373312477887426
0.46503110984095647
0.23373312477887426
0.23373312477887426
0.9252173106593303
0.3815596351652761
0.6088296314242082
0.2986354396528771
0.23373312477887426
0.7869573324358612
0.23373312477887426
0.4128785875432703
0.6857335975932346
0.3446622239663539
0.3446622239663539
0.5275254786025426
0.2986354396528771
0.23373312477887426
0.23373312477887426
0.3446622239663539
0.2986354396528771
0.3815596351652761
0.23373312477887426
0.23373312477887426
0.23373312477887426
0.44036699925740935
0.6493639678545328
0.2986354396528771
0.9820484812439678
0.23373312477887426
0.23373312477887426
0.3446622239663539
0.6740071754040214
0.6363740687816434
0.6088296314242082
0.23373312477887426
0.46503110984095647
0.2986354396528771
0.2986354396528771
0.2986354396528771
0.23373312477887426
0.5275254786025426
0.3446622239663539
0.3815596351652761
0.3446622239663539
0.3815596351652761
0.2986354396528771
0.2986354396528771
0.3815596351652761
0.23373312477887426
0.23373312477887426
0.2986354396528771
0.23373312477887426
0.2986354396528771
0.23373312477887426
0.23373312477887426
0.23373312477887426
0.3446622239663539
0.23373312477887426
0.23373312477887426
0.23373312477887426
0.23373312477887426
0.3446622239663539
0.6088296314242082
0.23373312477887426
0.3815596351652761
0.46503110984095647
0.5082379690162342
0.23373312477887426
0.2986354396528771
0.23373312477887426
0.3446622239663539
0.44036699925740935
0.3446622239663539
0.46503110984095647
0.5082379690162342
0.2986354396528771
0.4128785875432703
0.4875099732191345
0.23373312477887426
0.5082379690162342
0.23373312477887426
0.23373312477887426
0.2986354396528771
0.3446622239663539
0.23373312477887426
0.23373312477887426
0.7395135495995763
0.23373312477887426
0.2986354396528771
0.23373312477887426
0.2986354396528771
0.3815596351652761
0.2986354396528771
0.23373312477887426
0.4128785875432703
0.5456029548115683
0.23373312477887426
0.23373312477887426
0.23373312477887426
0.4128785875432703
0.2986354396528771
0.2986354396528771
0.23373312477887426
0.3446622239663539
0.2986354396528771
0.4128785875432703
0.4875099732191345
0.2986354396528771
0.23373312477887426
0.44036699925740935
0.2986354396528771
0.3446622239663539
0.3446622239663539
0.23373312477887426
0.23373312477887426
0.2986354396528771
0.3815596351652761
0.44036699925740935
0.23373312477887426
0.23373312477887426
0.23373312477887426
0.23373312477887426
0.23373312477887426
0.6740071754040214
0.3446622239663539
0.9318489824861634
0.4128785875432703
0.23373312477887426
0.23373312477887426
0.5082379690162342
0.6363740687816434
0.23373312477887426
0.4128785875432703
0.5626467902496505
0.23373312477887426
0.5082379690162342
0.23373312477887426
0.23373312477887426
0.23373312477887426
0.23373312477887426
0.3815596351652761
1.0111808799823778
0.5626467902496505
0.999713914477543
0.6740071754040214
0.3446622239663539
0.2986354396528771
0.23373312477887426
0.5082379690162342
0.44036699925740935
0.3446622239663539
0.5941595572771442
0.23373312477887426
0.23373312477887426
0.6088296314242082
0.8611634715721155
0.6618953014821014
0.23373312477887426
0.23373312477887426
0.23373312477887426
0.2986354396528771
0.6228802841924672
0.3446622239663539
0.4128785875432703
0.23373312477887426
0.23373312477887426
0.3446622239663539
0.7188808678036012
0.3446622239663539
0.5275254786025426
0.5082379690162342
0.4128785875432703
0.23373312477887426
0.23373312477887426
0.2986354396528771
0.23373312477887426
0.3446622239663539
0.6618953014821014
0.4128785875432703
0.23373312477887426
0.2986354396528771
0.23373312477887426
0.23373312477887426
0.44036699925740935
0.3815596351652761
0.23373312477887426
0.23373312477887426
0.23373312477887426
0.5787953799627368
0.23373312477887426
0.3815596351652761
0.23373312477887426
0.3815596351652761
0.2986354396528771
0.23373312477887426
0.23373312477887426
0.3815596351652761
0.2986354396528771
0.3815596351652761
0.23373312477887426
0.2986354396528771
0.46503110984095647
0.23373312477887426
0.23373312477887426
0.2986354396528771
0.23373312477887426
0.5626467902496505
0.23373312477887426
0.3815596351652761
0.6740071754040214
0.2986354396528771
0.23373312477887426
0.23373312477887426
0.5787953799627368
0.2986354396528771
0.7494463134868024
0.2986354396528771
0.23373312477887426
0.23373312477887426
0.23373312477887426
0.23373312477887426
0.9880012425549345
0.23373312477887426
0.23373312477887426
0.23373312477887426
0.23373312477887426
0.23373312477887426
0.44036699925740935
0.23373312477887426
0.23373312477887426
0.3446622239663539
0.2986354396528771
0.2986354396528771
0.23373312477887426
0.2986354396528771
0.2986354396528771
0.4128785875432703
0.23373312477887426
0.23373312477887426
0.23373312477887426
0.2986354396528771
0.3815596351652761
0.23373312477887426
0.44036699925740935
0.3815596351652761
0.23373312477887426
0.23373312477887426
0.3446622239663539
0.4128785875432703
0.6618953014821014
0.2986354396528771
0.23373312477887426
0.23373312477887426
1.5318916714814927
0.4128785875432703
0.6493639678545328
0.23373312477887426
0.46503110984095647
0.23373312477887426
0.23373312477887426
0.23373312477887426
0.23373312477887426
0.2986354396528771
0.23373312477887426
0.7081456851176898
0.2986354396528771
0.2986354396528771
0.4128785875432703
0.23373312477887426
0.5787953799627368
0.23373312477887426
0.4875099732191345
0.2986354396528771
0.23373312477887426
0.3446622239663539
0.4128785875432703
0.23373312477887426
0.7494463134868024
0.2986354396528771
0.23373312477887426
0.2986354396528771
0.2986354396528771
0.23373312477887426
0.2986354396528771
0.2986354396528771
0.8130805164825884
0.23373312477887426
0.23373312477887426
0.23373312477887426
0.3815596351652761
0.2986354396528771
0.23373312477887426
0.23373312477887426
0.23373312477887426
0.23373312477887426
0.23373312477887426
0.23373312477887426
0.2986354396528771
0.23373312477887426
0.5275254786025426
0.3446622239663539
0.3446622239663539
0.46503110984095647
0.23373312477887426
0.5082379690162342
0.23373312477887426
0.23373312477887426
0.23373312477887426
0.23373312477887426
0.3446622239663539
0.23373312477887426
0.23373312477887426
0.23373312477887426
0.6363740687816434
0.23373312477887426
0.23373312477887426
0.4128785875432703
0.3446622239663539
0.23373312477887426
0.23373312477887426
0.23373312477887426
0.2986354396528771
0.23373312477887426
0.23373312477887426
0.23373312477887426
0.4875099732191345
0.2986354396528771
0.8214556151442313
0.2986354396528771
0.5275254786025426
0.3446622239663539
0.23373312477887426
0.3815596351652761
0.3446622239663539
0.23373312477887426
0.44036699925740935
0.2986354396528771
0.23373312477887426
0.5456029548115683
0.44036699925740935
0.3446622239663539
0.3815596351652761
0.23373312477887426
0.23373312477887426
0.23373312477887426
0.6363740687816434
0.3446622239663539
0.46503110984095647
0.2986354396528771
0.3446622239663539
0.2986354396528771
0.5275254786025426
0.2986354396528771
0.3815596351652761
0.3815596351652761
0.23373312477887426
0.4128785875432703
0.3815596351652761
0.3446622239663539
0.3446622239663539
0.3446622239663539
0.2986354396528771
0.23373312477887426
0.23373312477887426
0.2986354396528771
0.23373312477887426
0.2986354396528771
0.2986354396528771
0.3446622239663539
0.5941595572771442
0.4875099732191345
0.3815596351652761
0.23373312477887426
0.3815596351652761
0.2986354396528771
0.5082379690162342
0.2986354396528771
0.3815596351652761
0.23373312477887426
0.2986354396528771
0.3446622239663539
0.23373312477887426
0.2986354396528771
0.23373312477887426
0.4128785875432703
0.46503110984095647
0.23373312477887426
0.44036699925740935
0.23373312477887426
0.3446622239663539
0.23373312477887426
0.2986354396528771
0.23373312477887426
0.2986354396528771
0.2986354396528771
0.23373312477887426
0.23373312477887426
0.2986354396528771
0.23373312477887426
0.23373312477887426
0.2986354396528771
0.6228802841924672
0.23373312477887426
0.23373312477887426
0.3446622239663539
1.194797543271811
0.5456029548115683
0.5626467902496505
0.7188808678036012
0.2986354396528771
0.2986354396528771
0.23373312477887426
0.23373312477887426
0.23373312477887426
0.23373312477887426
0.23373312477887426
0.2986354396528771
0.23373312477887426
0.2986354396528771
0.3815596351652761
0.46503110984095647
0.46503110984095647
0.3446622239663539
0.6618953014821014
0.5941595572771442
0.23373312477887426
0.23373312477887426
0.44036699925740935
0.23373312477887426
0.23373312477887426
0.2986354396528771
0.5787953799627368
0.3446622239663539
1.9069046853979514
0.23373312477887426
0.23373312477887426
0.23373312477887426
0.3815596351652761
0.44036699925740935
0.23373312477887426
0.23373312477887426
0.2986354396528771
0.23373312477887426
0.4875099732191345
0.23373312477887426
0.3446622239663539
0.2986354396528771
0.8611634715721155
0.4875099732191345
0.23373312477887426
0.2986354396528771
0.5787953799627368
0.2986354396528771
0.2986354396528771
0.3446622239663539
0.6857335975932346
0.3446622239663539
0.6363740687816434
0.2986354396528771
0.44036699925740935
0.23373312477887426
0.23373312477887426
0.5275254786025426
0.2986354396528771
0.2986354396528771
0.23373312477887426
0.23373312477887426
0.23373312477887426
0.23373312477887426
0.23373312477887426
0.2986354396528771
0.5275254786025426
0.23373312477887426
0.3446622239663539
0.5626467902496505
0.2986354396528771
0.23373312477887426
0.44036699925740935
0.3446622239663539
0.4128785875432703
0.2986354396528771
0.2986354396528771
0.23373312477887426
0.23373312477887426
0.3446622239663539
0.23373312477887426
0.44036699925740935
0.3446622239663539
0.23373312477887426
0.23373312477887426
0.3446622239663539
0.2986354396528771
0.23373312477887426
0.23373312477887426
0.23373312477887426
0.3446622239663539
0.2986354396528771
0.23373312477887426
0.3815596351652761
0.7081456851176898
0.23373312477887426
0.2986354396528771
0.3446622239663539
0.44036699925740935
0.23373312477887426
0.23373312477887426
0.3446622239663539
0.23373312477887426
0.3446622239663539
0.2986354396528771
0.23373312477887426
0.4875099732191345
0.44036699925740935
0.23373312477887426
0.5456029548115683
0.2986354396528771
0.3446622239663539
0.3815596351652761
0.2986354396528771
0.23373312477887426
0.23373312477887426
0.8534900779174381
0.23373312477887426
0.23373312477887426
0.23373312477887426
0.3446622239663539
0.3815596351652761
0.23373312477887426
0.23373312477887426
0.23373312477887426
0.3446622239663539
0.5082379690162342
0.3815596351652761
0.2986354396528771
0.4128785875432703
0.4875099732191345
0.3815596351652761
0.23373312477887426
0.2986354396528771
0.7494463134868024
0.3446622239663539
0.23373312477887426
0.2986354396528771
0.6363740687816434
0.23373312477887426
0.23373312477887426
0.23373312477887426
0.23373312477887426
0.3815596351652761
0.3815596351652761
0.23373312477887426
0.2986354396528771
0.23373312477887426
0.3446622239663539
0.4128785875432703
0.5082379690162342
0.23373312477887426
0.2986354396528771
0.23373312477887426
0.3446622239663539
0.23373312477887426
0.3446622239663539
0.46503110984095647
0.23373312477887426
0.23373312477887426
0.23373312477887426
0.2986354396528771
0.3815596351652761
0.2986354396528771
0.3815596351652761
0.4875099732191345
0.5275254786025426
0.5082379690162342
0.8296774118706461
0.4128785875432703
0.9938891300229904
0.3815596351652761
0.4128785875432703
0.23373312477887426
0.23373312477887426
0.23373312477887426
0.3815596351652761
0.23373312477887426
0.5275254786025426
0.2986354396528771
0.44036699925740935
0.3446622239663539
0.23373312477887426
0.46503110984095647
0.8045446189361254
0.23373312477887426
0.44036699925740935
0.2986354396528771
0.2986354396528771
0.23373312477887426
0.5941595572771442
0.4128785875432703
0.23373312477887426
0.23373312477887426
0.23373312477887426
0.23373312477887426
0.2986354396528771
0.23373312477887426
0.3815596351652761
0.44036699925740935
0.2986354396528771
0.2986354396528771
0.23373312477887426
0.3446622239663539
0.23373312477887426
0.23373312477887426
0.23373312477887426
0.3446622239663539
0.23373312477887426
0.2986354396528771
0.6971043511278485
0.2986354396528771
0.2986354396528771
0.23373312477887426
0.44036699925740935
0.23373312477887426
0.4128785875432703
0.3815596351652761
0.4875099732191345
0.2986354396528771
0.2986354396528771
0.44036699925740935
0.2986354396528771
0.3815596351652761
0.4875099732191345
0.3815596351652761
0.7869573324358612
0.3815596351652761
0.2986354396528771
0.23373312477887426
0.23373312477887426
0.23373312477887426
0.2986354396528771
0.2986354396528771
0.23373312477887426
0.23373312477887426
0.23373312477887426
0.23373312477887426
0.23373312477887426
0.2986354396528771
1.1470709515517752
0.23373312477887426
0.23373312477887426
0.2986354396528771
0.23373312477887426
0.44036699925740935
0.5787953799627368
0.2986354396528771
0.2986354396528771
0.3446622239663539
0.23373312477887426
0.3446622239663539
0.5456029548115683
0.23373312477887426
0.5941595572771442
0.4875099732191345
0.23373312477887426
0.23373312477887426
0.23373312477887426
0.3815596351652761
0.23373312477887426
0.4128785875432703
0.23373312477887426
0.2986354396528771
0.23373312477887426
0.23373312477887426
0.5082379690162342
0.46503110984095647
0.44036699925740935
0.23373312477887426
0.2986354396528771
0.23373312477887426
0.23373312477887426
0.23373312477887426
0.2986354396528771
0.23373312477887426
0.5456029548115683
0.4128785875432703
0.3446622239663539
0.3815596351652761
0.23373312477887426
0.5082379690162342
0.23373312477887426
0.2986354396528771
0.44036699925740935
0.3446622239663539
0.3815596351652761
0.23373312477887426
0.3815596351652761
0.3446622239663539
0.23373312477887426
0.23373312477887426
0.2986354396528771
0.23373312477887426
0.3446622239663539
0.3446622239663539
0.2986354396528771
0.23373312477887426
0.23373312477887426
0.23373312477887426
0.46503110984095647
0.3815596351652761
0.2986354396528771
0.2986354396528771
0.4128785875432703
0.23373312477887426
0.23373312477887426
0.23373312477887426
0.23373312477887426
0.5275254786025426
0.4128785875432703
0.23373312477887426
0.5941595572771442
0.2986354396528771
0.3815596351652761
0.23373312477887426
0.23373312477887426
0.3446622239663539
0.4128785875432703
0.2986354396528771
0.4128785875432703
0.2986354396528771
0.4128785875432703
0.3446622239663539
0.6857335975932346
0.3446622239663539
0.23373312477887426
0.2986354396528771
0.4875099732191345
0.23373312477887426
0.23373312477887426
0.23373312477887426
0.23373312477887426
0.2986354396528771
0.5941595572771442
0.5275254786025426
0.8456884087323286
0.2986354396528771
0.3815596351652761
0.2986354396528771
0.5275254786025426
0.23373312477887426
0.2986354396528771
0.2986354396528771
0.23373312477887426
0.3446622239663539
0.4875099732191345
0.4875099732191345
0.3815596351652761
0.3446622239663539
0.23373312477887426
0.4128785875432703
0.2986354396528771
0.23373312477887426
0.2986354396528771
0.3446622239663539
0.6228802841924672
0.44036699925740935
0.23373312477887426
0.23373312477887426
0.46503110984095647
0.2986354396528771
0.23373312477887426
0.2986354396528771
0.2986354396528771
0.23373312477887426
0.23373312477887426
0.2986354396528771
0.23373312477887426
0.3446622239663539
0.23373312477887426
0.3815596351652761
0.2986354396528771
0.2986354396528771
0.44036699925740935
0.23373312477887426
0.2986354396528771
0.3815596351652761
0.23373312477887426
0.3815596351652761
0.23373312477887426
0.3446622239663539
0.46503110984095647
0.4128785875432703
0.23373312477887426
0.5275254786025426
0.23373312477887426
0.23373312477887426
0.23373312477887426
0.23373312477887426
0.7686202966141794
0.3815596351652761
0.7395135495995763
0.3815596351652761
0.5626467902496505
0.23373312477887426
0.8761460515951395
0.4875099732191345
0.2986354396528771
0.23373312477887426
0.2986354396528771
0.23373312477887426
0.4875099732191345
0.2986354396528771
0.2986354396528771
0.2986354396528771
0.23373312477887426
0.23373312477887426
0.6088296314242082
0.2986354396528771
0.3815596351652761
0.2986354396528771
0.23373312477887426
0.2986354396528771
0.3446622239663539
0.3815596351652761
0.46503110984095647
0.3446622239663539
0.23373312477887426
0.23373312477887426
0.23373312477887426
0.46503110984095647
0.23373312477887426
0.2986354396528771
0.23373312477887426
0.2986354396528771
0.23373312477887426
0.2986354396528771
0.4128785875432703
0.44036699925740935
0.5626467902496505
0.3815596351652761
0.23373312477887426
0.46503110984095647
0.23373312477887426
0.23373312477887426
0.5275254786025426
0.23373312477887426
0.3446622239663539
0.2986354396528771
0.3446622239663539
0.23373312477887426
0.3446622239663539
0.23373312477887426
0.963781995192817
0.2986354396528771
0.23373312477887426
0.23373312477887426
0.3446622239663539
0.23373312477887426
0.3446622239663539
0.2986354396528771
0.5275254786025426
0.23373312477887426
0.23373312477887426
0.23373312477887426
0.3446622239663539
0.3446622239663539
0.23373312477887426
0.23373312477887426
0.23373312477887426
0.23373312477887426
0.2986354396528771
0.2986354396528771
0.23373312477887426
0.23373312477887426
0.5275254786025426
0.2986354396528771
0.6228802841924672
0.23373312477887426
0.23373312477887426
0.23373312477887426
0.23373312477887426
0.2986354396528771
0.3815596351652761
0.23373312477887426
0.23373312477887426
0.23373312477887426
0.23373312477887426
0.23373312477887426
0.23373312477887426
0.3446622239663539
0.3815596351652761
0.23373312477887426
0.2986354396528771
0.2986354396528771
0.46503110984095647
0.23373312477887426
0.2986354396528771
0.23373312477887426
1.0442296827022115
0.23373312477887426
0.23373312477887426
0.23373312477887426
0.9318489824861634
0.3815596351652761
0.23373312477887426
0.2986354396528771
0.5456029548115683
0.23373312477887426
0.2986354396528771
0.23373312477887426
0.23373312477887426
0.23373312477887426
0.9318489824861634
0.2986354396528771
0.23373312477887426
0.2986354396528771
0.23373312477887426
0.23373312477887426
0.23373312477887426
0.23373312477887426
0.23373312477887426
0.46503110984095647
0.23373312477887426
0.23373312477887426
0.5275254786025426
0.23373312477887426
0.4128785875432703
0.3446622239663539
0.3815596351652761
0.23373312477887426
0.4128785875432703
0.23373312477887426
0.6971043511278485
0.23373312477887426
0.2986354396528771
0.3815596351652761
0.23373312477887426
0.23373312477887426
0.3446622239663539
0.23373312477887426
0.23373312477887426
0.23373312477887426
0.2986354396528771
0.23373312477887426
0.46503110984095647
0.23373312477887426
0.44036699925740935
0.23373312477887426
0.44036699925740935
0.23373312477887426
0.23373312477887426
0.23373312477887426
0.23373312477887426
0.3446622239663539
0.3815596351652761
0.2986354396528771
0.3815596351652761
0.23373312477887426
0.23373312477887426
0.23373312477887426
0.23373312477887426
0.23373312477887426
0.6971043511278485
0.2986354396528771
0.7188808678036012
0.23373312477887426
0.23373312477887426
0.23373312477887426
0.23373312477887426
0.4128785875432703
0.23373312477887426
0.23373312477887426
0.2986354396528771
0.2986354396528771
0.23373312477887426
0.3446622239663539
0.44036699925740935
0.23373312477887426
0.23373312477887426
0.2986354396528771
0.23373312477887426
0.23373312477887426
0.2986354396528771
0.23373312477887426
0.2986354396528771
0.2986354396528771
0.7395135495995763
0.2986354396528771
0.44036699925740935
0.3446622239663539
0.2986354396528771
0.23373312477887426
0.23373312477887426
0.2986354396528771
0.23373312477887426
0.2986354396528771
0.6740071754040214
0.2986354396528771
0.23373312477887426
0.23373312477887426
0.23373312477887426
0.4875099732191345
0.8377528572138296
0.23373312477887426
0.2986354396528771
0.23373312477887426
0.2986354396528771
0.23373312477887426
0.23373312477887426
0.23373312477887426
0.23373312477887426
0.23373312477887426
0.23373312477887426
0.23373312477887426
0.5082379690162342
0.23373312477887426
0.23373312477887426
0.3446622239663539
0.2986354396528771
0.3446622239663539
0.23373312477887426
0.23373312477887426
0.2986354396528771
0.23373312477887426
0.4128785875432703
0.3446622239663539
0.3446622239663539
0.2986354396528771
0.2986354396528771
0.23373312477887426
0.23373312477887426
0.23373312477887426
0.4128785875432703
0.23373312477887426
0.2986354396528771
0.23373312477887426
0.23373312477887426
0.3446622239663539
0.23373312477887426
0.23373312477887426
0.3446622239663539
0.23373312477887426
0.23373312477887426
0.23373312477887426
0.5082379690162342
0.23373312477887426
0.23373312477887426
0.23373312477887426
0.23373312477887426
0.23373312477887426
0.23373312477887426
0.23373312477887426
0.23373312477887426
0.3446622239663539
0.23373312477887426
0.23373312477887426
0.23373312477887426
0.23373312477887426
0.23373312477887426
0.23373312477887426
0.23373312477887426
0.3815596351652761
0.23373312477887426
0.4128785875432703
0.23373312477887426
0.23373312477887426
0.5626467902496505
0.23373312477887426
0.23373312477887426
0.23373312477887426
0.23373312477887426
0.23373312477887426
0.6618953014821014
0.3446622239663539
0.6740071754040214
0.23373312477887426
0.3446622239663539
0.23373312477887426
0.23373312477887426
0.23373312477887426
0.23373312477887426
0.23373312477887426
0.4875099732191345
0.2986354396528771
0.5456029548115683
0.44036699925740935
0.2986354396528771
0.2986354396528771
0.2986354396528771
0.23373312477887426
0.3446622239663539
0.23373312477887426
0.23373312477887426
0.23373312477887426
0.5275254786025426
0.4128785875432703
0.23373312477887426
0.2986354396528771
0.46503110984095647
0.23373312477887426
0.8906742019555407
0.23373312477887426
0.23373312477887426
0.23373312477887426
0.5082379690162342
0.23373312477887426
0.3815596351652761
0.23373312477887426
0.23373312477887426
0.2986354396528771
0.44036699925740935
0.2986354396528771
0.5626467902496505
0.2986354396528771
0.23373312477887426
0.23373312477887426
0.2986354396528771
0.23373312477887426
0.3446622239663539
0.23373312477887426
0.23373312477887426
0.23373312477887426
0.23373312477887426
0.23373312477887426
0.23373312477887426
0.2986354396528771
0.3446622239663539
0.2986354396528771
0.23373312477887426
0.23373312477887426
0.23373312477887426
0.23373312477887426
0.7188808678036012
0.23373312477887426
0.23373312477887426
0.2986354396528771
0.23373312477887426
0.23373312477887426
0.2986354396528771
0.2986354396528771
0.2986354396528771
0.2986354396528771
0.2986354396528771
0.23373312477887426
0.23373312477887426
0.3815596351652761
0.6971043511278485
0.2986354396528771
0.23373312477887426
0.23373312477887426
0.23373312477887426
0.23373312477887426
0.2986354396528771
0.2986354396528771
0.6363740687816434
0.23373312477887426
0.2986354396528771
0.2986354396528771
0.23373312477887426
0.23373312477887426
1.4713225052634855
0.23373312477887426
0.4128785875432703
0.2986354396528771
0.23373312477887426
0.3446622239663539
0.23373312477887426
0.23373312477887426
0.23373312477887426
0.23373312477887426
0.23373312477887426
0.23373312477887426
0.23373312477887426
0.3446622239663539
0.23373312477887426
0.23373312477887426
0.4875099732191345
0.44036699925740935
0.23373312477887426
0.23373312477887426
1.1002887681805427
0.4875099732191345
0.2986354396528771
0.23373312477887426
0.3446622239663539
0.23373312477887426
0.46503110984095647
0.2986354396528771
0.9448594597914265
0.3446622239663539
0.23373312477887426
0.3446622239663539
0.23373312477887426
0.23373312477887426
0.23373312477887426
0.23373312477887426
0.2986354396528771
0.23373312477887426
0.2986354396528771
0.2986354396528771
0.3446622239663539
0.23373312477887426
0.7293306338714279
0.3815596351652761
0.23373312477887426
0.44036699925740935
0.23373312477887426
0.23373312477887426
0.23373312477887426
0.2986354396528771
0.5275254786025426
0.23373312477887426
0.23373312477887426
0.23373312477887426
0.46503110984095647
0.2986354396528771
0.23373312477887426
0.23373312477887426
0.5456029548115683
0.3446622239663539
0.5082379690162342
0.2986354396528771
0.23373312477887426
0.3815596351652761
0.23373312477887426
0.2986354396528771
0.8611634715721155
0.3446622239663539
0.3815596351652761
0.23373312477887426
1.1194316662038468
0.23373312477887426
0.5082379690162342
0.23373312477887426
0.23373312477887426
0.3446622239663539
0.9184975566371849
0.23373312477887426
1.0954067668433995
0.23373312477887426
0.3446622239663539
0.3815596351652761
0.23373312477887426
0.23373312477887426
0.23373312477887426
0.23373312477887426
0.23373312477887426
0.23373312477887426
0.23373312477887426
0.23373312477887426
0.23373312477887426
0.3446622239663539
0.3446622239663539
0.23373312477887426
0.23373312477887426
0.23373312477887426
0.23373312477887426
0.3446622239663539
0.2986354396528771
0.23373312477887426
0.3446622239663539
0.23373312477887426
0.23373312477887426
0.4128785875432703
0.23373312477887426
0.3815596351652761
0.5626467902496505
0.23373312477887426
0.23373312477887426
0.23373312477887426
0.23373312477887426
0.23373312477887426
0.23373312477887426
0.23373312477887426
0.23373312477887426
0.23373312477887426
0.23373312477887426
0.4128785875432703
0.44036699925740935
0.3446622239663539
0.23373312477887426
0.23373312477887426
0.23373312477887426
0.23373312477887426
0.2986354396528771
0.23373312477887426
0.5456029548115683
0.3446622239663539
0.8761460515951395
0.23373312477887426
0.3815596351652761
0.23373312477887426
0.3446622239663539
0.23373312477887426
0.2986354396528771
0.23373312477887426
0.23373312477887426
0.23373312477887426
0.23373312477887426
0.44036699925740935
0.2986354396528771
0.2986354396528771
0.3446622239663539
0.23373312477887426
0.23373312477887426
0.2986354396528771
0.3815596351652761
0.23373312477887426
0.46503110984095647
0.23373312477887426
0.23373312477887426
0.23373312477887426
0.23373312477887426
0.23373312477887426
0.23373312477887426
0.2986354396528771
0.44036699925740935
0.23373312477887426
0.23373312477887426
0.23373312477887426
0.23373312477887426
0.23373312477887426
0.23373312477887426
0.23373312477887426
0.23373312477887426
0.23373312477887426
0.46503110984095647
0.3815596351652761
0.23373312477887426
0.2986354396528771
0.5082379690162342
0.2986354396528771
0.46503110984095647
0.4128785875432703
0.3815596351652761
0.2986354396528771
0.23373312477887426
0.2986354396528771
0.23373312477887426
0.2986354396528771
0.3446622239663539
0.23373312477887426
0.4128785875432703
0.44036699925740935
0.23373312477887426
0.2986354396528771
0.23373312477887426
0.23373312477887426
0.23373312477887426
0.23373312477887426
0.7869573324358612
0.2986354396528771
0.3446622239663539
0.23373312477887426
0.23373312477887426
0.3815596351652761
0.7188808678036012
0.2986354396528771
0.3446622239663539
0.23373312477887426
0.7591440057085835
0.2986354396528771
0.4128785875432703
0.2986354396528771
0.3446622239663539
0.23373312477887426
0.23373312477887426
0.3815596351652761
0.23373312477887426
0.2986354396528771
0.4128785875432703
0.4128785875432703
0.23373312477887426
0.3815596351652761
0.23373312477887426
0.2986354396528771
0.23373312477887426
0.23373312477887426
0.23373312477887426
0.23373312477887426
0.23373312477887426
0.23373312477887426
0.23373312477887426
0.23373312477887426
0.23373312477887426
0.23373312477887426
0.23373312477887426
0.23373312477887426
0.44036699925740935
0.23373312477887426
0.23373312477887426
0.23373312477887426
0.23373312477887426
0.2986354396528771
0.23373312477887426
0.44036699925740935
0.2986354396528771
0.2986354396528771
0.23373312477887426
0.23373312477887426
0.2986354396528771
0.23373312477887426
0.3815596351652761
0.23373312477887426
0.23373312477887426
0.3446622239663539
0.23373312477887426
0.23373312477887426
0.23373312477887426
0.23373312477887426
0.2986354396528771
0.2986354396528771
0.23373312477887426
0.2986354396528771
0.23373312477887426
0.2986354396528771
0.23373312477887426
0.2986354396528771
0.23373312477887426
0.3446622239663539
0.4128785875432703
0.2986354396528771
0.4875099732191345
0.23373312477887426
0.2986354396528771
0.2986354396528771
0.23373312477887426
0.23373312477887426
0.9184975566371849
0.2986354396528771
0.23373312477887426
0.23373312477887426
0.44036699925740935
0.23373312477887426
0.23373312477887426
0.23373312477887426
0.3815596351652761
0.23373312477887426
0.44036699925740935
0.2986354396528771
0.23373312477887426
0.2986354396528771
0.23373312477887426
0.2986354396528771
0.23373312477887426
0.2986354396528771
0.7188808678036012
0.2986354396528771
0.2986354396528771
0.23373312477887426
0.23373312477887426
0.23373312477887426
1.1604451214203269
0.23373312477887426
0.46503110984095647
0.23373312477887426
0.23373312477887426
0.23373312477887426
0.3446622239663539
0.3446622239663539
0.23373312477887426
0.23373312477887426
0.23373312477887426
0.23373312477887426
0.2986354396528771
0.23373312477887426
0.5275254786025426
0.5082379690162342
0.23373312477887426
0.2986354396528771
0.23373312477887426
0.23373312477887426
0.9820484812439678
0.3815596351652761
0.3446622239663539
0.23373312477887426
0.23373312477887426
0.23373312477887426
0.2986354396528771
0.46503110984095647
0.23373312477887426
0.2986354396528771
0.23373312477887426
0.23373312477887426
0.2986354396528771
0.2986354396528771
0.23373312477887426
0.23373312477887426
0.2986354396528771
0.3446622239663539
0.23373312477887426
0.23373312477887426
0.23373312477887426
0.23373312477887426
0.999713914477543
0.2986354396528771
0.3446622239663539
0.23373312477887426
0.23373312477887426
0.23373312477887426
0.2986354396528771
0.23373312477887426
0.6493639678545328
0.23373312477887426
0.2986354396528771
0.23373312477887426
0.4875099732191345
0.3815596351652761
0.2986354396528771
0.23373312477887426
0.3446622239663539
0.23373312477887426
0.23373312477887426
0.23373312477887426
0.23373312477887426
0.23373312477887426
0.23373312477887426
0.2986354396528771
0.3815596351652761
0.23373312477887426
0.3446622239663539
0.23373312477887426
0.23373312477887426
0.23373312477887426
0.3446622239663539
0.2986354396528771
0.23373312477887426
0.23373312477887426
0.23373312477887426
0.23373312477887426
0.23373312477887426
0.2986354396528771
0.23373312477887426
0.23373312477887426
0.5787953799627368
0.2986354396528771
0.23373312477887426
0.23373312477887426
0.23373312477887426
0.2986354396528771
0.6228802841924672
0.3446622239663539
0.2986354396528771
0.23373312477887426
0.3446622239663539
0.23373312477887426
0.6363740687816434
0.23373312477887426
0.23373312477887426
0.2986354396528771
0.46503110984095647
0.23373312477887426
0.4128785875432703
0.23373312477887426
0.3815596351652761
0.23373312477887426
0.23373312477887426
0.23373312477887426
0.3446622239663539
0.2986354396528771
0.5275254786025426
0.23373312477887426
0.5275254786025426
0.23373312477887426
0.23373312477887426
0.23373312477887426
0.23373312477887426
0.23373312477887426
0.23373312477887426
0.2986354396528771
0.23373312477887426
0.3446622239663539
0.3446622239663539
0.23373312477887426
0.23373312477887426
0.3446622239663539
0.23373312477887426
0.23373312477887426
0.23373312477887426
0.23373312477887426
0.46503110984095647
0.23373312477887426
0.23373312477887426
0.23373312477887426
0.23373312477887426
0.2986354396528771
0.23373312477887426
0.2986354396528771
0.23373312477887426
0.23373312477887426
0.23373312477887426
0.2986354396528771
0.4128785875432703
0.2986354396528771
0.23373312477887426
0.23373312477887426
0.2986354396528771
0.23373312477887426
0.2986354396528771
0.2986354396528771
0.4875099732191345
0.3446622239663539
0.23373312477887426
0.3446622239663539
0.23373312477887426
0.23373312477887426
0.7081456851176898
0.23373312477887426
0.23373312477887426
0.23373312477887426
0.23373312477887426
0.23373312477887426
0.2986354396528771
0.2986354396528771
0.23373312477887426
0.23373312477887426
0.3815596351652761
0.23373312477887426
0.23373312477887426
0.23373312477887426
0.23373312477887426
0.23373312477887426
0.23373312477887426
0.44036699925740935
0.23373312477887426
0.23373312477887426
0.6618953014821014
0.23373312477887426
0.2986354396528771
0.23373312477887426
0.5456029548115683
0.23373312477887426
0.23373312477887426
0.4128785875432703
0.23373312477887426
0.23373312477887426
0.5275254786025426
0.23373312477887426
0.23373312477887426
0.3446622239663539
0.23373312477887426
0.23373312477887426
0.23373312477887426
0.23373312477887426
0.23373312477887426
0.2986354396528771
0.23373312477887426
0.23373312477887426
0.23373312477887426
0.23373312477887426
0.5082379690162342
0.3446622239663539
0.23373312477887426
0.3446622239663539
0.3446622239663539
0.23373312477887426
0.23373312477887426
0.23373312477887426
0.23373312477887426
0.23373312477887426
0.23373312477887426
0.23373312477887426
0.23373312477887426
0.3446622239663539
0.23373312477887426
0.23373312477887426
0.4875099732191345
0.23373312477887426
0.23373312477887426
0.3446622239663539
0.23373312477887426
0.3446622239663539
0.2986354396528771
0.3446622239663539
0.23373312477887426
0.2986354396528771
0.3815596351652761
0.23373312477887426
0.2986354396528771
0.3446622239663539
0.5275254786025426
0.23373312477887426
0.3446622239663539
0.2986354396528771
0.23373312477887426
0.23373312477887426
0.23373312477887426
0.23373312477887426
0.2986354396528771
0.23373312477887426
0.7591440057085835
0.3446622239663539
0.44036699925740935
0.2986354396528771
0.23373312477887426
0.2986354396528771
0.23373312477887426
0.23373312477887426
0.23373312477887426
0.23373312477887426
0.3815596351652761
0.2986354396528771
0.23373312477887426
0.2986354396528771
0.23373312477887426
0.23373312477887426
0.23373312477887426
0.23373312477887426
0.23373312477887426
0.23373312477887426
0.2986354396528771
0.2986354396528771
0.3446622239663539
0.23373312477887426
0.2986354396528771
0.23373312477887426
0.23373312477887426
0.2986354396528771
0.23373312477887426
0.23373312477887426
0.23373312477887426
0.23373312477887426
0.2986354396528771
0.2986354396528771
0.23373312477887426
0.2986354396528771
0.4875099732191345
0.23373312477887426
0.4875099732191345
0.3446622239663539
0.23373312477887426
0.23373312477887426
0.5787953799627368
0.23373312477887426
0.2986354396528771
0.23373312477887426
0.23373312477887426
0.23373312477887426
0.23373312477887426
0.23373312477887426
0.23373312477887426
0.23373312477887426
0.2986354396528771
0.23373312477887426
0.23373312477887426
0.23373312477887426
0.2986354396528771
0.23373312477887426
0.23373312477887426
0.3815596351652761
0.23373312477887426
0.23373312477887426
0.23373312477887426
0.2986354396528771
0.3446622239663539
0.23373312477887426
0.3446622239663539
0.3815596351652761
0.6493639678545328
0.23373312477887426
0.23373312477887426
0.23373312477887426
0.2986354396528771
0.23373312477887426
0.3446622239663539
0.23373312477887426
0.2986354396528771
0.23373312477887426
0.44036699925740935
0.23373312477887426
0.8045446189361254
0.2986354396528771
0.23373312477887426
0.2986354396528771
0.23373312477887426
0.23373312477887426
0.3815596351652761
0.23373312477887426
0.23373312477887426
0.23373312477887426
0.23373312477887426
0.23373312477887426
0.23373312477887426
0.23373312477887426
0.23373312477887426
0.23373312477887426
0.7293306338714279
0.23373312477887426
0.44036699925740935
0.2986354396528771
0.23373312477887426
0.2986354396528771
0.23373312477887426
0.23373312477887426
0.3446622239663539
0.23373312477887426
0.6363740687816434
0.2986354396528771
0.23373312477887426
0.2986354396528771
0.3446622239663539
0.2986354396528771
0.23373312477887426
0.23373312477887426
0.3446622239663539
0.23373312477887426
0.23373312477887426
0.23373312477887426
0.23373312477887426
0.23373312477887426
0.3446622239663539
0.23373312477887426
0.3446622239663539
0.2986354396528771
0.23373312477887426
0.2986354396528771
0.2986354396528771
0.23373312477887426
0.4128785875432703
0.23373312477887426
0.3446622239663539
0.23373312477887426
0.23373312477887426
0.23373312477887426
0.23373312477887426
0.23373312477887426
0.5456029548115683
0.3446622239663539
0.23373312477887426
0.2986354396528771
0.23373312477887426
0.2986354396528771
0.5787953799627368
0.2986354396528771
0.23373312477887426
0.23373312477887426
0.23373312477887426
0.23373312477887426
0.23373312477887426
0.23373312477887426
0.2986354396528771
0.23373312477887426
0.23373312477887426
0.23373312477887426
0.23373312477887426
0.3815596351652761
0.23373312477887426
0.23373312477887426
0.4128785875432703
0.23373312477887426
0.4875099732191345
0.23373312477887426
0.3446622239663539
0.23373312477887426
0.2986354396528771
0.23373312477887426
0.3446622239663539
0.3446622239663539
0.23373312477887426
0.3446622239663539
0.23373312477887426
0.23373312477887426
0.2986354396528771
0.23373312477887426
0.23373312477887426
0.23373312477887426
0.23373312477887426
0.23373312477887426
0.23373312477887426
0.23373312477887426
0.23373312477887426
0.23373312477887426
0.23373312477887426
0.44036699925740935
0.2986354396528771
0.23373312477887426
0.23373312477887426
0.23373312477887426
0.3815596351652761
0.23373312477887426
0.2986354396528771
0.23373312477887426
0.23373312477887426
0.3446622239663539
0.23373312477887426
0.23373312477887426
0.23373312477887426
0.23373312477887426
0.23373312477887426
0.2986354396528771
0.23373312477887426
0.23373312477887426
0.23373312477887426
0.23373312477887426
0.23373312477887426
0.23373312477887426
0.23373312477887426
0.23373312477887426
0.3815596351652761
0.3446622239663539
0.23373312477887426
0.2986354396528771
0.23373312477887426
0.23373312477887426
0.23373312477887426
0.2986354396528771
0.23373312477887426
0.23373312477887426
0.8906742019555407
0.2986354396528771
0.3815596351652761
0.23373312477887426
0.23373312477887426
0.23373312477887426
0.5082379690162342
0.23373312477887426
0.23373312477887426
0.23373312477887426
0.23373312477887426
0.23373312477887426
0.2986354396528771
0.23373312477887426
0.3446622239663539
0.23373312477887426
0.23373312477887426
0.23373312477887426
0.2986354396528771
0.23373312477887426
0.4128785875432703
0.23373312477887426
0.23373312477887426
0.3446622239663539
0.23373312477887426
0.3446622239663539
0.5275254786025426
0.23373312477887426
0.46503110984095647
0.23373312477887426
0.23373312477887426
0.23373312477887426
0.2986354396528771
0.23373312477887426
0.23373312477887426
0.23373312477887426
0.23373312477887426
0.23373312477887426
0.3815596351652761
0.23373312477887426
0.23373312477887426
0.23373312477887426
0.9318489824861634
0.23373312477887426
0.23373312477887426
0.23373312477887426
0.23373312477887426
0.2986354396528771
0.23373312477887426
0.23373312477887426
0.23373312477887426
0.23373312477887426
0.23373312477887426
0.23373312477887426
0.46503110984095647
0.23373312477887426
0.23373312477887426
0.23373312477887426
0.23373312477887426
0.2986354396528771
0.23373312477887426
0.23373312477887426
0.23373312477887426
0.23373312477887426
0.23373312477887426
0.2986354396528771
0.2986354396528771
0.2986354396528771
0.3446622239663539
0.23373312477887426
0.3446622239663539
0.2986354396528771
0.3446622239663539
0.2986354396528771
0.23373312477887426
0.23373312477887426
0.2986354396528771
0.23373312477887426
0.23373312477887426
0.2986354396528771
0.4875099732191345
0.23373312477887426
0.4128785875432703
0.23373312477887426
0.3446622239663539
0.2986354396528771
0.23373312477887426
0.23373312477887426
0.6618953014821014
0.3815596351652761
0.3446622239663539
0.23373312477887426
0.23373312477887426
0.23373312477887426
0.44036699925740935
0.3446622239663539
0.23373312477887426
0.23373312477887426
0.4875099732191345
0.23373312477887426
0.6618953014821014
0.23373312477887426
0.23373312477887426
0.2986354396528771
0.23373312477887426
0.23373312477887426
0.3446622239663539
0.3446622239663539
0.23373312477887426
0.2986354396528771
0.46503110984095647
0.23373312477887426
0.23373312477887426
0.23373312477887426
0.23373312477887426
0.3446622239663539
0.2986354396528771
0.23373312477887426
0.3446622239663539
0.23373312477887426
0.23373312477887426
0.2986354396528771
0.4128785875432703
0.23373312477887426
0.23373312477887426
0.2986354396528771
0.6228802841924672
0.23373312477887426
0.23373312477887426
0.2986354396528771
0.23373312477887426
0.23373312477887426
0.23373312477887426
0.3446622239663539
0.23373312477887426
0.23373312477887426
0.23373312477887426
0.2986354396528771
0.5082379690162342
0.23373312477887426
0.4875099732191345
0.23373312477887426
0.2986354396528771
0.23373312477887426
0.44036699925740935
0.23373312477887426
0.3815596351652761
0.23373312477887426
0.23373312477887426
0.23373312477887426
0.23373312477887426
0.23373312477887426
0.2986354396528771
0.2986354396528771
0.23373312477887426
0.23373312477887426
0.2986354396528771
0.23373312477887426
0.5787953799627368
0.23373312477887426
0.23373312477887426
0.2986354396528771
0.2986354396528771
0.23373312477887426
0.3446622239663539
0.23373312477887426
0.7188808678036012
0.2986354396528771
0.23373312477887426
0.23373312477887426
0.23373312477887426
0.2986354396528771
0.23373312477887426
0.3815596351652761
0.23373312477887426
0.23373312477887426
0.44036699925740935
0.23373312477887426
0.8687138284197852
0.23373312477887426
0.2986354396528771
0.23373312477887426
0.3446622239663539
0.23373312477887426
0.23373312477887426
0.23373312477887426
0.23373312477887426
0.23373312477887426
0.23373312477887426
0.23373312477887426
0.23373312477887426
0.23373312477887426
0.23373312477887426
0.23373312477887426
0.23373312477887426
0.23373312477887426
0.2986354396528771
0.2986354396528771
0.23373312477887426
0.23373312477887426
0.23373312477887426
0.2986354396528771
0.23373312477887426
0.23373312477887426
0.8377528572138296
0.2986354396528771
0.23373312477887426
0.23373312477887426
0.23373312477887426
0.23373312477887426
0.7494463134868024
0.23373312477887426
0.23373312477887426
0.23373312477887426
0.3446622239663539
0.23373312477887426
0.23373312477887426
0.23373312477887426
0.3815596351652761
0.23373312477887426
0.2986354396528771
0.3446622239663539
0.3446622239663539
0.23373312477887426
0.23373312477887426
0.23373312477887426
0.5082379690162342
0.2986354396528771
0.23373312477887426
0.2986354396528771
0.3446622239663539
0.23373312477887426
0.23373312477887426
0.23373312477887426
0.4128785875432703
0.4128785875432703
0.2986354396528771
0.3446622239663539
0.23373312477887426
0.2986354396528771
0.2986354396528771
0.23373312477887426
0.23373312477887426
0.44036699925740935
0.4128785875432703
0.23373312477887426
0.23373312477887426
0.23373312477887426
0.3815596351652761
0.23373312477887426
0.3446622239663539
0.3446622239663539
0.23373312477887426
0.23373312477887426
0.23373312477887426
0.23373312477887426
0.23373312477887426
0.2986354396528771
0.23373312477887426
0.23373312477887426
0.23373312477887426
0.23373312477887426
0.23373312477887426
0.23373312477887426
0.23373312477887426
0.23373312477887426
0.3815596351652761
0.3815596351652761
0.23373312477887426
0.23373312477887426
1.128782583001919
0.23373312477887426
0.2986354396528771
0.23373312477887426
0.5456029548115683
0.2986354396528771
0.4128785875432703
0.23373312477887426
0.23373312477887426
0.23373312477887426
0.23373312477887426
0.4128785875432703
0.5941595572771442
0.23373312477887426
0.46503110984095647
0.23373312477887426
0.2986354396528771
0.23373312477887426
0.23373312477887426
0.23373312477887426
0.5082379690162342
0.23373312477887426
0.46503110984095647
0.23373312477887426
0.23373312477887426
0.2986354396528771
0.3446622239663539
0.23373312477887426
0.23373312477887426
0.3815596351652761
0.3815596351652761
0.2986354396528771
0.3815596351652761
0.3446622239663539
0.7686202966141794
0.23373312477887426
0.23373312477887426
0.2986354396528771
0.6493639678545328
0.3815596351652761
0.23373312477887426
0.23373312477887426
0.3815596351652761
0.2986354396528771
0.4128785875432703
0.23373312477887426
0.23373312477887426
0.2986354396528771
0.23373312477887426
0.2986354396528771
0.2986354396528771
0.3446622239663539
0.23373312477887426
0.3446622239663539
0.23373312477887426
0.2986354396528771
0.23373312477887426
0.23373312477887426
0.23373312477887426
0.3446622239663539
0.23373312477887426
0.23373312477887426
0.23373312477887426
0.2986354396528771
0.3815596351652761
0.23373312477887426
0.2986354396528771
0.23373312477887426
0.4128785875432703
0.23373312477887426
0.23373312477887426
0.2986354396528771
0.6493639678545328
0.2986354396528771
0.23373312477887426
0.23373312477887426
0.23373312477887426
0.23373312477887426
0.46503110984095647
0.23373312477887426
0.23373312477887426
0.23373312477887426
0.7081456851176898
0.2986354396528771
0.23373312477887426
0.23373312477887426
0.23373312477887426
0.2986354396528771
0.3446622239663539
0.23373312477887426
0.23373312477887426
0.23373312477887426
0.5941595572771442
0.23373312477887426
0.23373312477887426
0.23373312477887426
0.23373312477887426
0.2986354396528771
0.2986354396528771
0.23373312477887426
0.23373312477887426
0.23373312477887426
0.23373312477887426
0.23373312477887426
0.3815596351652761
0.2986354396528771
0.6971043511278485
0.23373312477887426
0.3815596351652761
0.2986354396528771
0.2986354396528771
0.3446622239663539
0.23373312477887426
0.3446622239663539
0.23373312477887426
0.23373312477887426
0.23373312477887426
0.23373312477887426
0.3815596351652761
0.23373312477887426
0.46503110984095647
0.3446622239663539
0.23373312477887426
0.2986354396528771
0.23373312477887426
0.23373312477887426
0.23373312477887426
0.23373312477887426
0.23373312477887426
0.23373312477887426
0.23373312477887426
0.23373312477887426
0.23373312477887426
0.23373312477887426
0.23373312477887426
0.3446622239663539
0.3446622239663539
0.23373312477887426
0.23373312477887426
0.23373312477887426
0.9318489824861634
0.23373312477887426
0.2986354396528771
0.23373312477887426
0.2986354396528771
0.2986354396528771
0.23373312477887426
0.2986354396528771
0.23373312477887426
0.23373312477887426
0.44036699925740935
0.23373312477887426
0.23373312477887426
0.2986354396528771
0.3815596351652761
0.23373312477887426
0.3815596351652761
0.23373312477887426
0.3815596351652761
0.23373312477887426
0.5456029548115683
0.23373312477887426
0.23373312477887426
0.23373312477887426
0.5626467902496505
0.23373312477887426
0.2986354396528771
0.23373312477887426
0.23373312477887426
0.23373312477887426
0.23373312477887426
0.23373312477887426
0.44036699925740935
0.23373312477887426
0.23373312477887426
0.23373312477887426
0.44036699925740935
0.23373312477887426
0.5275254786025426
0.23373312477887426
0.3815596351652761
0.23373312477887426
0.6228802841924672
0.23373312477887426
0.23373312477887426
0.23373312477887426
0.23373312477887426
0.2986354396528771
0.23373312477887426
0.23373312477887426
0.46503110984095647
0.23373312477887426
0.2986354396528771
0.23373312477887426
0.23373312477887426
0.23373312477887426
0.23373312477887426
0.23373312477887426
0.3446622239663539
0.2986354396528771
0.23373312477887426
0.23373312477887426
0.23373312477887426
0.23373312477887426
0.23373312477887426
0.2986354396528771
0.23373312477887426
0.23373312477887426
0.23373312477887426
0.23373312477887426
0.4128785875432703
0.23373312477887426
0.23373312477887426
0.23373312477887426
0.23373312477887426
0.2986354396528771
0.7081456851176898
0.23373312477887426
0.23373312477887426
0.3815596351652761
0.23373312477887426
0.23373312477887426
0.2986354396528771
0.23373312477887426
0.2986354396528771
0.23373312477887426
0.23373312477887426
0.23373312477887426
0.23373312477887426
0.2986354396528771
0.7395135495995763
0.23373312477887426
0.23373312477887426
0.23373312477887426
0.23373312477887426
0.23373312477887426
0.23373312477887426
0.23373312477887426
0.23373312477887426
0.23373312477887426
0.2986354396528771
0.2986354396528771
0.23373312477887426
0.23373312477887426
0.23373312477887426
0.2986354396528771
0.2986354396528771
0.23373312477887426
0.2986354396528771
0.23373312477887426
0.3446622239663539
0.23373312477887426
0.6088296314242082
0.23373312477887426
0.23373312477887426
0.23373312477887426
0.23373312477887426
0.2986354396528771
0.23373312477887426
0.2986354396528771
0.23373312477887426
0.23373312477887426
0.23373312477887426
0.23373312477887426
0.23373312477887426
0.23373312477887426
0.23373312477887426
0.23373312477887426
0.23373312477887426
0.23373312477887426
0.3446622239663539
0.23373312477887426
0.23373312477887426
0.2986354396528771
0.44036699925740935
0.23373312477887426
0.23373312477887426
0.23373312477887426
0.23373312477887426
0.23373312477887426
0.2986354396528771
0.23373312477887426
0.23373312477887426
0.23373312477887426
0.3815596351652761
0.2986354396528771
0.2986354396528771
0.23373312477887426
0.46503110984095647
0.2986354396528771
0.23373312477887426
0.23373312477887426
0.23373312477887426
0.2986354396528771
0.3446622239663539
0.23373312477887426
0.23373312477887426
0.23373312477887426
0.23373312477887426
0.23373312477887426
0.4128785875432703
0.23373312477887426
0.9880012425549345
0.2986354396528771
0.3446622239663539
0.23373312477887426
0.23373312477887426
0.23373312477887426
0.23373312477887426
0.23373312477887426
0.4128785875432703
0.23373312477887426
0.3815596351652761
0.2986354396528771
0.23373312477887426
0.23373312477887426
0.2986354396528771
0.23373312477887426
0.23373312477887426
0.23373312477887426
0.46503110984095647
0.23373312477887426
0.2986354396528771
0.23373312477887426
0.23373312477887426
0.23373312477887426
0.6971043511278485
0.23373312477887426
0.23373312477887426
0.23373312477887426
0.23373312477887426
0.23373312477887426
0.7293306338714279
0.23373312477887426
0.23373312477887426
0.23373312477887426
0.2986354396528771
0.23373312477887426
0.23373312477887426
0.2986354396528771
0.5456029548115683
0.23373312477887426
0.23373312477887426
0.23373312477887426
0.3815596351652761
0.23373312477887426
0.23373312477887426
0.23373312477887426
0.23373312477887426
0.23373312477887426
0.2986354396528771
0.2986354396528771
0.3446622239663539
0.23373312477887426
0.23373312477887426
0.23373312477887426
0.23373312477887426
0.23373312477887426
0.23373312477887426
0.23373312477887426
0.23373312477887426
0.23373312477887426
0.23373312477887426
0.23373312477887426
0.4875099732191345
0.23373312477887426
0.4875099732191345
0.23373312477887426
0.23373312477887426
0.23373312477887426
0.23373312477887426
0.23373312477887426
0.3815596351652761
0.23373312477887426
0.23373312477887426
0.23373312477887426
0.23373312477887426
0.23373312477887426
0.23373312477887426
0.23373312477887426
0.23373312477887426
0.23373312477887426
0.23373312477887426
0.23373312477887426
0.23373312477887426
0.2986354396528771
0.3446622239663539
0.23373312477887426
0.3815596351652761
0.23373312477887426
0.23373312477887426
0.2986354396528771
0.6363740687816434
0.23373312477887426
0.3446622239663539
0.23373312477887426
0.6618953014821014
0.23373312477887426
0.2986354396528771
0.23373312477887426
0.23373312477887426
0.23373312477887426
0.2986354396528771
0.23373312477887426
0.23373312477887426
0.23373312477887426
0.23373312477887426
0.23373312477887426
0.23373312477887426
0.2986354396528771
0.3446622239663539
0.23373312477887426
0.5626467902496505
0.23373312477887426
0.23373312477887426
0.23373312477887426
0.23373312477887426
0.23373312477887426
0.2986354396528771
0.23373312477887426
0.5626467902496505
0.23373312477887426
0.23373312477887426
0.23373312477887426
0.23373312477887426
0.23373312477887426
0.7591440057085835
0.23373312477887426
0.2986354396528771
0.23373312477887426
0.23373312477887426
0.23373312477887426
0.2986354396528771
0.23373312477887426
0.23373312477887426
0.23373312477887426
0.23373312477887426
0.23373312477887426
0.4875099732191345
0.23373312477887426
0.23373312477887426
0.23373312477887426
0.4128785875432703
0.23373312477887426
0.23373312477887426
0.23373312477887426
0.2986354396528771
0.23373312477887426
0.2986354396528771
0.23373312477887426
0.23373312477887426
0.23373312477887426
0.23373312477887426
0.23373312477887426
0.5787953799627368
0.2986354396528771
0.6971043511278485
0.23373312477887426
0.23373312477887426
0.23373312477887426
0.23373312477887426
0.23373312477887426
0.6363740687816434
0.23373312477887426
0.23373312477887426
0.23373312477887426
0.23373312477887426
0.23373312477887426
0.23373312477887426
0.23373312477887426
0.23373312477887426
0.23373312477887426
0.23373312477887426
0.23373312477887426
0.23373312477887426
0.23373312477887426
0.4128785875432703
0.23373312477887426
0.23373312477887426
0.23373312477887426
0.3446622239663539
0.23373312477887426
0.2986354396528771
0.23373312477887426
0.46503110984095647
0.2986354396528771
0.6740071754040214
0.2986354396528771
0.2986354396528771
0.3446622239663539
0.6740071754040214
0.23373312477887426
0.23373312477887426
0.23373312477887426
0.2986354396528771
0.23373312477887426
0.6088296314242082
0.23373312477887426
0.23373312477887426
0.23373312477887426
0.9575503238409115
0.23373312477887426
0.3815596351652761
0.2986354396528771
0.23373312477887426
0.23373312477887426
0.23373312477887426
0.23373312477887426
0.5082379690162342
0.23373312477887426
0.23373312477887426
0.23373312477887426
0.23373312477887426
0.23373312477887426
0.23373312477887426
0.23373312477887426
0.2986354396528771
0.23373312477887426
0.23373312477887426
0.23373312477887426
0.23373312477887426
0.2986354396528771
0.6493639678545328
0.23373312477887426
0.23373312477887426
0.23373312477887426
0.23373312477887426
0.23373312477887426
0.2986354396528771
0.2986354396528771
0.23373312477887426
0.23373312477887426
0.23373312477887426
0.23373312477887426
0.4128785875432703
0.23373312477887426
0.23373312477887426
0.23373312477887426
0.23373312477887426
0.23373312477887426
0.23373312477887426
0.23373312477887426
0.2986354396528771
0.23373312477887426
0.23373312477887426
0.23373312477887426
0.4128785875432703
0.23373312477887426
0.23373312477887426
0.23373312477887426
0.23373312477887426
0.23373312477887426
0.8045446189361254
0.23373312477887426
0.23373312477887426
0.23373312477887426
0.44036699925740935
0.2986354396528771
0.2986354396528771
0.23373312477887426
0.5275254786025426
0.2986354396528771
0.23373312477887426
0.23373312477887426
0.23373312477887426
0.23373312477887426
0.23373312477887426
0.23373312477887426
0.23373312477887426
0.23373312477887426
0.3446622239663539
0.23373312477887426
0.23373312477887426
0.23373312477887426
0.3446622239663539
0.23373312477887426
0.23373312477887426
0.23373312477887426
0.23373312477887426
0.23373312477887426
0.23373312477887426
0.23373312477887426
0.23373312477887426
0.23373312477887426
0.23373312477887426
0.23373312477887426
0.23373312477887426
0.23373312477887426
0.23373312477887426
0.23373312477887426
0.23373312477887426
0.2986354396528771
0.23373312477887426
0.23373312477887426
0.44036699925740935
0.23373312477887426
0.23373312477887426
0.23373312477887426
0.23373312477887426
0.23373312477887426
0.23373312477887426
0.23373312477887426
0.23373312477887426
0.23373312477887426
0.23373312477887426
0.23373312477887426
0.23373312477887426
0.23373312477887426
0.44036699925740935
0.23373312477887426
0.23373312477887426
0.23373312477887426
0.23373312477887426
0.23373312477887426
0.2986354396528771
0.2986354396528771
0.5082379690162342
0.23373312477887426
0.23373312477887426
0.23373312477887426
0.23373312477887426
0.23373312477887426
0.23373312477887426
0.23373312477887426
0.4128785875432703
0.23373312477887426
0.5456029548115683
0.23373312477887426
0.23373312477887426
0.23373312477887426
0.23373312477887426
0.23373312477887426
0.23373312477887426
0.23373312477887426
0.4128785875432703
0.23373312477887426
0.23373312477887426
0.23373312477887426
0.23373312477887426
0.23373312477887426
0.23373312477887426
0.23373312477887426
0.6971043511278485
0.23373312477887426
0.3446622239663539
0.2986354396528771
0.6493639678545328
0.2986354396528771
0.3446622239663539
0.23373312477887426
0.23373312477887426
0.23373312477887426
0.6493639678545328
0.23373312477887426
0.777887622159155
0.23373312477887426
0.23373312477887426
0.23373312477887426
0.9184975566371849
0.23373312477887426
0.23373312477887426
0.23373312477887426
0.23373312477887426
0.23373312477887426
0.23373312477887426
0.23373312477887426
0.23373312477887426
0.23373312477887426
0.23373312477887426
0.23373312477887426
0.44036699925740935
0.23373312477887426
0.3446622239663539
0.23373312477887426
0.23373312477887426
0.23373312477887426
0.23373312477887426
0.23373312477887426
0.2986354396528771
0.23373312477887426
0.777887622159155
0.23373312477887426
0.23373312477887426
0.23373312477887426
0.23373312477887426
0.23373312477887426
0.23373312477887426
0.23373312477887426
0.2986354396528771
0.23373312477887426
0.23373312477887426
0.23373312477887426
0.4128785875432703
0.23373312477887426
0.23373312477887426
0.23373312477887426
0.23373312477887426
0.23373312477887426
0.23373312477887426
0.23373312477887426
0.3446622239663539
0.23373312477887426
0.23373312477887426
0.23373312477887426
0.23373312477887426
0.23373312477887426
0.23373312477887426
0.23373312477887426
0.23373312477887426
0.23373312477887426
0.7395135495995763
0.2986354396528771
1.1051314758835296
0.23373312477887426
0.5787953799627368
0.23373312477887426
0.23373312477887426
0.23373312477887426
0.4875099732191345
0.23373312477887426
0.23373312477887426
0.23373312477887426
0.2986354396528771
0.23373312477887426
0.23373312477887426
0.23373312477887426
0.44036699925740935
0.23373312477887426
0.23373312477887426
0.23373312477887426
0.23373312477887426
0.23373312477887426
0.2986354396528771
0.23373312477887426
0.23373312477887426
0.23373312477887426
0.23373312477887426
0.23373312477887426
0.23373312477887426
0.23373312477887426
0.23373312477887426
0.23373312477887426
0.2986354396528771
0.23373312477887426
0.5082379690162342
0.23373312477887426
0.23373312477887426
0.23373312477887426
0.2986354396528771
0.23373312477887426
0.23373312477887426
0.23373312477887426
0.23373312477887426
0.23373312477887426
0.23373312477887426
0.2986354396528771
0.23373312477887426
0.23373312477887426
0.3446622239663539
0.23373312477887426
0.23373312477887426
0.23373312477887426
0.23373312477887426
0.23373312477887426
0.8456884087323286
0.23373312477887426
0.6618953014821014
0.23373312477887426
0.23373312477887426
0.23373312477887426
0.23373312477887426
0.23373312477887426
0.23373312477887426
0.23373312477887426
0.46503110984095647
0.23373312477887426
0.4875099732191345
0.23373312477887426
0.23373312477887426
0.23373312477887426
0.2986354396528771
0.23373312477887426
0.23373312477887426
0.23373312477887426
0.5941595572771442
0.23373312477887426
0.23373312477887426
0.23373312477887426
0.23373312477887426
0.23373312477887426
0.23373312477887426
0.23373312477887426
0.2986354396528771
0.23373312477887426
0.23373312477887426
0.23373312477887426
0.23373312477887426
0.23373312477887426
0.23373312477887426
0.23373312477887426
0.23373312477887426
0.23373312477887426
0.23373312477887426
0.23373312477887426
0.23373312477887426
0.23373312477887426
0.963781995192817
0.23373312477887426
0.23373312477887426
0.23373312477887426
0.23373312477887426
0.23373312477887426
0.23373312477887426
0.23373312477887426
0.2986354396528771
0.23373312477887426
0.2986354396528771
0.23373312477887426
0.23373312477887426
0.23373312477887426
0.23373312477887426
0.23373312477887426
0.23373312477887426
0.23373312477887426
0.5941595572771442
0.23373312477887426
0.23373312477887426
0.23373312477887426
0.23373312477887426
0.23373312477887426
0.23373312477887426
0.23373312477887426
0.44036699925740935
0.23373312477887426
0.23373312477887426
0.23373312477887426
0.23373312477887426
0.2986354396528771
0.2986354396528771
0.23373312477887426
0.23373312477887426
0.23373312477887426
0.777887622159155
0.23373312477887426
0.23373312477887426
0.23373312477887426
0.23373312477887426
0.23373312477887426
0.23373312477887426
0.23373312477887426
0.23373312477887426
0.23373312477887426
0.4128785875432703
0.23373312477887426
0.23373312477887426
0.23373312477887426
0.23373312477887426
0.23373312477887426
0.5456029548115683
0.23373312477887426
0.23373312477887426
0.23373312477887426
0.4128785875432703
0.23373312477887426
0.23373312477887426
0.23373312477887426
0.3815596351652761
0.23373312477887426
0.23373312477887426
0.23373312477887426
0.23373312477887426
0.23373312477887426
0.2986354396528771
0.23373312477887426
0.2986354396528771
0.23373312477887426
0.5626467902496505
0.3446622239663539
0.23373312477887426
0.23373312477887426
0.4128785875432703
0.23373312477887426
0.23373312477887426
0.23373312477887426
0.6228802841924672
0.23373312477887426
0.23373312477887426
0.23373312477887426
0.23373312477887426
0.23373312477887426
0.23373312477887426
0.23373312477887426
0.23373312477887426
0.23373312477887426
0.23373312477887426
0.23373312477887426
0.4128785875432703
0.23373312477887426
0.3446622239663539
0.23373312477887426
0.44036699925740935
0.23373312477887426
0.23373312477887426
0.23373312477887426
0.23373312477887426
0.23373312477887426
0.23373312477887426
0.23373312477887426
0.4128785875432703
0.23373312477887426
0.44036699925740935
0.23373312477887426
0.23373312477887426
0.23373312477887426
0.2986354396528771
0.23373312477887426
0.23373312477887426
0.23373312477887426
0.23373312477887426
0.23373312477887426
0.23373312477887426
0.23373312477887426
0.23373312477887426
0.23373312477887426
0.23373312477887426
0.23373312477887426
0.23373312477887426
0.23373312477887426
0.4875099732191345
0.23373312477887426
0.3446622239663539
0.23373312477887426
0.23373312477887426
0.23373312477887426
0.23373312477887426
0.23373312477887426
0.3815596351652761
0.23373312477887426
0.23373312477887426
0.23373312477887426
0.6493639678545328
0.23373312477887426
0.23373312477887426
0.23373312477887426
0.23373312477887426
0.23373312477887426
0.23373312477887426
0.23373312477887426
0.23373312477887426
0.23373312477887426
0.23373312477887426
0.23373312477887426
0.2986354396528771
0.23373312477887426
0.6618953014821014
0.23373312477887426
0.23373312477887426
0.23373312477887426
0.2986354396528771
0.23373312477887426
0.2986354396528771
0.23373312477887426
0.4128785875432703
0.23373312477887426
0.3815596351652761
0.23373312477887426
0.23373312477887426
0.23373312477887426
0.23373312477887426
0.23373312477887426
0.3815596351652761
0.23373312477887426
0.2986354396528771
0.23373312477887426
0.8456884087323286
0.23373312477887426
0.23373312477887426
0.23373312477887426
0.4875099732191345
0.23373312477887426
0.7958398181554589
0.23373312477887426
0.4128785875432703
0.23373312477887426
0.44036699925740935
0.23373312477887426
0.23373312477887426
0.23373312477887426
0.23373312477887426
0.23373312477887426
0.23373312477887426
0.23373312477887426
0.2986354396528771
0.23373312477887426
0.23373312477887426
0.23373312477887426
0.23373312477887426
0.23373312477887426
0.7188808678036012
0.23373312477887426
0.23373312477887426
0.23373312477887426
0.4128785875432703
0.23373312477887426
0.23373312477887426
0.23373312477887426
0.23373312477887426
0.23373312477887426
0.2986354396528771
0.23373312477887426
0.23373312477887426
0.23373312477887426
0.23373312477887426
0.23373312477887426
0.5787953799627368
0.23373312477887426
0.23373312477887426
0.23373312477887426
0.4875099732191345
0.23373312477887426
0.3815596351652761
0.23373312477887426
0.5626467902496505
0.23373312477887426
0.23373312477887426
0.23373312477887426
