2.578489437626789
1.7574303171990957
1.9421379983450318
2.463901745206745
1.1072520568468762
0.2852808502164285
1.183388854860393
0.8279956361140284
1.221888520672665
1.5664692830768103
1.0443634767997578
1.7275896679850642
1.2394682176679777
2.369922071409144
1.1051167542279663
1.4794679684009608
1.248090088740541
1.1908980310366353
1.2582950724296698
0.8132748414642857
0.8132748414642857
0.5044966962578631
0.39466532083390404
0.5892189171847229
0.7172224430479931
1.0050896129657285
0.30874476805159207
1.0584184646698516
0.5381526917462142
0.17458780321648018
0.8594805249750364
0.17458780321648018
0.6879151542744775
0.36467163148695536
0.7076982774427163
0.5536289331372952
0.5459907853988815
1.0964993690405773
0.6273278640598634
0.928705030825495
0.9817101760199485
0.5754628658129284
0.6448930349322806
0.39466532083390404
1.0201412072871134
0.8628511396343815
0.42099424301698457
0.5536289331372952
0.34782465150911057
0.22317382673381744
0.22317382673381744
0.17458780321648018
0.46615606589249975
0.30874476805159207
0.43310123166372894
0.42099424301698457
0.5754628658129284
0.786276733842459
0.7741713722486289
0.22317382673381744
0.8057287308940234
0.3293417562928889
0.45562038185432086
0.7172224430479931
0.88258873899462
0.4082168051241813
0.63328186541988
0.7172224430479931
0.36467163148695536
0.36467163148695536
0.2852808502164285
0.7310906484875914
0.757473480179736
0.2576424600507155
0.5381526917462142
0.8661979186403077
0.6151004788097889
0.9600409941418511
0.7444951337761322
2.5522291484266866
0.7310906484875914
0.7444951337761322
0.697934510280663
0.2852808502164285
0.30874476805159207
0.17458780321648018
0.30874476805159207
0.6670365002190923
0.30874476805159207
0.595882594108902
0.17458780321648018
0.8132748414642857
0.4446207414236898
0.3293417562928889
0.2576424600507155
1.3529656407510455
0.8695212869117591
0.17458780321648018
0.17458780321648018
0.7076982774427163
0.22317382673381744
1.1719594643924205
0.3293417562928889
0.697934510280663
0.34782465150911057
0.17458780321648018
0.4446207414236898
0.5459907853988815
0.30874476805159207
0.30874476805159207
0.4446207414236898
0.6448930349322806
0.5892189171847229
0.17458780321648018
0.2576424600507155
0.595882594108902
0.910767975938279
0.2576424600507155
0.3293417562928889
0.30874476805159207
0.42099424301698457
0.30874476805159207
0.2852808502164285
0.17458780321648018
0.5536289331372952
0.2852808502164285
0.7076982774427163
0.45562038185432086
0.4762746281910704
0.2576424600507155
0.34782465150911057
0.17458780321648018
0.45562038185432086
0.595882594108902
0.5459907853988815
0.9257593667888443
1.0299549044673906
1.0467299272556694
0.45562038185432086
0.48601573950449645
0.22317382673381744
0.5610796417388845
0.22317382673381744
0.17458780321648018
0.5459907853988815
0.3802077579192464
0.2576424600507155
0.17458780321648018
0.778244690428846
0.7531925948401996
0.43310123166372894
0.7265214453722837
0.4446207414236898
0.4082168051241813
0.43310123166372894
0.48601573950449645
0.4082168051241813
0.9896154514199659
0.4082168051241813
0.3293417562928889
0.595882594108902
0.3802077579192464
0.42099424301698457
0.4954133346127629
0.4762746281910704
0.7902372529531645
0.5610796417388845
0.30874476805159207
0.48601573950449645
0.17458780321648018
0.36467163148695536
0.5824149355397448
0.6561350764459318
0.6448930349322806
0.6151004788097889
0.639135522190389
0.17458780321648018
0.2576424600507155
0.22317382673381744
0.30874476805159207
0.6670365002190923
0.48601573950449645
0.4082168051241813
0.17458780321648018
0.3293417562928889
0.4762746281910704
0.2852808502164285
0.34782465150911057
0.2576424600507155
0.7659053888608328
0.17458780321648018
1.081114662381143
0.42099424301698457
0.999979997275736
0.6505583285146327
0.22317382673381744
0.3293417562928889
0.39466532083390404
0.34782465150911057
0.48601573950449645
0.30874476805159207
0.48601573950449645
0.17458780321648018
0.42099424301698457
0.39466532083390404
0.17458780321648018
0.521819421850752
0.17458780321648018
0.4082168051241813
0.4082168051241813
0.17458780321648018
0.5459907853988815
0.48601573950449645
0.17458780321648018
0.22317382673381744
0.5754628658129284
0.2852808502164285
0.48601573950449645
0.521819421850752
0.7902372529531645
0.5536289331372952
0.17458780321648018
0.22317382673381744
0.5459907853988815
0.17458780321648018
0.3802077579192464
0.22317382673381744
0.6273278640598634
0.5536289331372952
1.1115002849654574
0.7741713722486289
0.17458780321648018
0.30874476805159207
0.3293417562928889
0.22317382673381744
0.7310906484875914
0.48601573950449645
0.22317382673381744
0.17458780321648018
0.17458780321648018
0.22317382673381744
1.0176607171545289
0.4082168051241813
0.4446207414236898
0.6828041530742132
0.4082168051241813
0.2576424600507155
1.0323818582998274
0.9138022219770717
0.45562038185432086
0.5824149355397448
0.3293417562928889
0.2852808502164285
0.17458780321648018
0.45562038185432086
0.17458780321648018
0.39466532083390404
0.17458780321648018
0.3293417562928889
0.4446207414236898
0.22317382673381744
0.4954133346127629
0.45562038185432086
0.2852808502164285
0.4082168051241813
0.22317382673381744
0.4446207414236898
0.3293417562928889
0.3293417562928889
0.2852808502164285
0.5381526917462142
0.2576424600507155
0.34782465150911057
0.30874476805159207
0.2576424600507155
0.34782465150911057
0.30874476805159207
0.22317382673381744
0.3802077579192464
0.3293417562928889
0.17458780321648018
0.88258873899462
0.7028473043717419
0.2576424600507155
0.22317382673381744
0.2576424600507155
0.4446207414236898
0.22317382673381744
0.17458780321648018
0.2852808502164285
0.17458780321648018
0.22317382673381744
0.22317382673381744
0.5132912908582317
0.4762746281910704
0.3293417562928889
0.43310123166372894
0.5610796417388845
0.39466532083390404
0.17458780321648018
0.2576424600507155
0.2852808502164285
0.2852808502164285
0.17458780321648018
0.4446207414236898
0.3802077579192464
0.2576424600507155
0.17458780321648018
0.22317382673381744
0.8206954134686839
0.39466532083390404
0.2576424600507155
0.2576424600507155
0.5381526917462142
0.5459907853988815
0.22317382673381744
0.39466532083390404
0.17458780321648018
0.17458780321648018
0.2852808502164285
0.2576424600507155
0.36467163148695536
0.45562038185432086
0.2852808502164285
0.17458780321648018
0.22317382673381744
0.2852808502164285
0.22317382673381744
0.30874476805159207
0.34782465150911057
0.17458780321648018
0.63328186541988
0.3802077579192464
0.6024131123056006
0.17458780321648018
0.5536289331372952
0.5044966962578631
0.2852808502164285
0.17458780321648018
0.22317382673381744
0.5683542061968361
0.2852808502164285
0.30874476805159207
0.39466532083390404
0.22317382673381744
0.3293417562928889
0.2852808502164285
0.45562038185432086
0.17458780321648018
0.2576424600507155
0.17458780321648018
0.30874476805159207
0.17458780321648018
0.5132912908582317
0.17458780321648018
0.6448930349322806
0.7028473043717419
0.17458780321648018
0.2576424600507155
0.2852808502164285
0.2852808502164285
0.22317382673381744
0.3293417562928889
0.9516806153033771
0.34782465150911057
0.22317382673381744
0.22317382673381744
0.30874476805159207
0.2852808502164285
0.34782465150911057
0.34782465150911057
0.2576424600507155
0.5536289331372952
0.6448930349322806
0.3293417562928889
0.2852808502164285
0.2576424600507155
0.4446207414236898
0.5536289331372952
0.8661979186403077
0.5044966962578631
0.48601573950449645
0.30874476805159207
0.17458780321648018
0.22317382673381744
0.3293417562928889
0.2852808502164285
0.17458780321648018
0.6723674498878903
0.34782465150911057
0.4762746281910704
0.30874476805159207
0.2576424600507155
0.3293417562928889
0.17458780321648018
0.2852808502164285
0.30874476805159207
0.39466532083390404
0.2576424600507155
0.17458780321648018
0.30874476805159207
0.2576424600507155
0.17458780321648018
0.7265214453722837
0.3293417562928889
1.2532115184771653
0.2576424600507155
0.4082168051241813
0.3293417562928889
0.17458780321648018
0.4082168051241813
0.42099424301698457
0.4082168051241813
0.2576424600507155
0.2852808502164285
0.17458780321648018
0.4446207414236898
0.8057287308940234
0.2852808502164285
0.6828041530742132
0.7265214453722837
0.5459907853988815
0.17458780321648018
0.8057287308940234
0.22317382673381744
0.2576424600507155
0.17458780321648018
0.17458780321648018
0.2576424600507155
0.2852808502164285
0.17458780321648018
0.17458780321648018
0.17458780321648018
0.5132912908582317
0.5892189171847229
0.2852808502164285
0.36467163148695536
0.5381526917462142
0.4446207414236898
0.30874476805159207
0.17458780321648018
0.30874476805159207
0.22317382673381744
0.3802077579192464
0.3802077579192464
0.17458780321648018
0.22317382673381744
0.17458780321648018
0.42099424301698457
0.42099424301698457
0.17458780321648018
0.34782465150911057
0.30874476805159207
0.39466532083390404
0.22317382673381744
0.17458780321648018
0.3802077579192464
0.17458780321648018
0.17458780321648018
0.17458780321648018
0.2852808502164285
0.5824149355397448
0.3293417562928889
0.17458780321648018
0.4082168051241813
0.2852808502164285
0.3802077579192464
0.7076982774427163
0.2852808502164285
0.46615606589249975
0.43310123166372894
0.4446207414236898
0.30874476805159207
0.17458780321648018
0.42099424301698457
0.46615606589249975
0.2852808502164285
0.22317382673381744
0.2852808502164285
0.3293417562928889
0.30874476805159207
0.901552810067754
0.5044966962578631
0.2576424600507155
0.6723674498878903
0.5381526917462142
0.17458780321648018
1.0396010214463283
0.2576424600507155
0.34782465150911057
0.17458780321648018
0.17458780321648018
0.17458780321648018
0.2852808502164285
0.17458780321648018
0.22317382673381744
0.30874476805159207
0.521819421850752
0.2576424600507155
0.45562038185432086
0.521819421850752
0.42099424301698457
0.22317382673381744
0.22317382673381744
0.17458780321648018
0.17458780321648018
0.17458780321648018
0.17458780321648018
0.17458780321648018
0.17458780321648018
0.2576424600507155
0.2852808502164285
0.5044966962578631
0.7076982774427163
0.2576424600507155
0.39466532083390404
0.5044966962578631
0.42099424301698457
0.2852808502164285
0.2576424600507155
0.22317382673381744
0.17458780321648018
0.2852808502164285
0.3293417562928889
0.36467163148695536
0.17458780321648018
0.17458780321648018
0.30874476805159207
0.30874476805159207
0.39466532083390404
0.43310123166372894
0.5301007468653078
0.17458780321648018
0.17458780321648018
0.3293417562928889
0.17458780321648018
0.3293417562928889
0.30874476805159207
0.17458780321648018
0.5754628658129284
0.2576424600507155
0.17458780321648018
0.22317382673381744
0.6561350764459318
0.2852808502164285
0.4954133346127629
0.2576424600507155
0.3802077579192464
0.2576424600507155
0.6151004788097889
0.22317382673381744
0.22317382673381744
0.2852808502164285
0.22317382673381744
0.17458780321648018
0.5301007468653078
0.5381526917462142
0.22317382673381744
0.17458780321648018
0.42099424301698457
0.43310123166372894
0.7076982774427163
0.3293417562928889
0.42099424301698457
0.39466532083390404
0.17458780321648018
0.17458780321648018
0.22317382673381744
0.30874476805159207
0.42099424301698457
0.22317382673381744
0.5824149355397448
0.42099424301698457
0.17458780321648018
0.17458780321648018
0.7531925948401996
0.17458780321648018
0.17458780321648018
0.2576424600507155
0.42099424301698457
0.22317382673381744
0.2852808502164285
0.2576424600507155
0.42099424301698457
0.2576424600507155
0.17458780321648018
0.30874476805159207
0.17458780321648018
0.3293417562928889
0.5132912908582317
0.17458780321648018
0.697934510280663
0.17458780321648018
0.17458780321648018
0.17458780321648018
0.17458780321648018
0.2852808502164285
0.2576424600507155
0.2852808502164285
0.3802077579192464
0.2576424600507155
0.2576424600507155
0.3293417562928889
0.17458780321648018
0.34782465150911057
0.17458780321648018
0.17458780321648018
0.17458780321648018
0.30874476805159207
0.595882594108902
0.39466532083390404
0.17458780321648018
0.3802077579192464
0.4762746281910704
0.34782465150911057
0.2852808502164285
0.30874476805159207
0.17458780321648018
0.22317382673381744
0.5824149355397448
0.36467163148695536
0.2576424600507155
0.3293417562928889
0.17458780321648018
0.2852808502164285
0.4762746281910704
0.22317382673381744
0.22317382673381744
0.2576424600507155
0.17458780321648018
0.2576424600507155
0.43310123166372894
0.2576424600507155
0.17458780321648018
0.17458780321648018
0.17458780321648018
0.22317382673381744
0.43310123166372894
0.17458780321648018
0.4082168051241813
0.17458780321648018
0.42099424301698457
0.17458780321648018
0.17458780321648018
0.30874476805159207
0.3802077579192464
0.17458780321648018
0.42099424301698457
0.17458780321648018
0.39466532083390404
0.22317382673381744
0.46615606589249975
0.42099424301698457
0.30874476805159207
0.17458780321648018
0.2576424600507155
0.17458780321648018
0.17458780321648018
0.17458780321648018
0.17458780321648018
0.17458780321648018
0.3802077579192464
0.22317382673381744
1.0467299272556694
0.2576424600507155
0.17458780321648018
0.22317382673381744
0.43310123166372894
0.34782465150911057
0.17458780321648018
0.30874476805159207
0.22317382673381744
0.17458780321648018
0.6929578468171832
0.30874476805159207
0.2576424600507155
0.17458780321648018
0.22317382673381744
0.2576424600507155
0.2576424600507155
0.17458780321648018
0.17458780321648018
0.22317382673381744
0.4082168051241813
0.30874476805159207
0.3293417562928889
0.17458780321648018
0.22317382673381744
0.17458780321648018
0.43310123166372894
0.30874476805159207
0.45562038185432086
0.22317382673381744
0.17458780321648018
0.22317382673381744
0.5536289331372952
0.2576424600507155
0.17458780321648018
0.46615606589249975
0.5824149355397448
0.22317382673381744
0.5754628658129284
0.17458780321648018
0.3293417562928889
0.2576424600507155
0.48601573950449645
0.36467163148695536
0.36467163148695536
0.22317382673381744
0.5381526917462142
0.30874476805159207
0.17458780321648018
0.2852808502164285
0.42099424301698457
0.22317382673381744
1.7546719107547555
0.2576424600507155
0.22317382673381744
0.30874476805159207
0.2852808502164285
0.17458780321648018
0.17458780321648018
0.22317382673381744
0.6929578468171832
0.2852808502164285
0.17458780321648018
0.17458780321648018
1.0176607171545289
0.17458780321648018
0.17458780321648018
0.22317382673381744
0.17458780321648018
0.17458780321648018
0.6212690144430777
0.22317382673381744
0.22317382673381744
0.2576424600507155
0.17458780321648018
0.22317382673381744
0.2576424600507155
0.17458780321648018
0.22317382673381744
0.2576424600507155
0.42099424301698457
0.34782465150911057
0.22317382673381744
0.17458780321648018
0.48601573950449645
0.34782465150911057
0.8858010215505082
0.2852808502164285
0.5381526917462142
0.17458780321648018
0.43310123166372894
0.17458780321648018
0.2576424600507155
0.3802077579192464
0.63328186541988
0.22317382673381744
0.22317382673381744
0.17458780321648018
0.2576424600507155
0.30874476805159207
0.42099424301698457
0.2852808502164285
0.7172224430479931
0.22317382673381744
0.677622434401638
0.2576424600507155
0.4446207414236898
0.17458780321648018
0.46615606589249975
0.17458780321648018
0.17458780321648018
0.17458780321648018
0.5044966962578631
0.17458780321648018
0.3293417562928889
0.46615606589249975
0.17458780321648018
0.22317382673381744
0.17458780321648018
0.3802077579192464
0.45562038185432086
0.22317382673381744
0.22317382673381744
0.2852808502164285
0.5459907853988815
0.22317382673381744
0.4446207414236898
0.3293417562928889
0.8019068769964122
0.34782465150911057
0.17458780321648018
0.2852808502164285
0.521819421850752
0.17458780321648018
0.22317382673381744
0.34782465150911057
0.34782465150911057
0.2852808502164285
0.17458780321648018
0.2576424600507155
0.46615606589249975
0.2852808502164285
0.2852808502164285
0.17458780321648018
0.42099424301698457
0.22317382673381744
0.34782465150911057
0.17458780321648018
0.6828041530742132
0.30874476805159207
0.8984426153280294
0.2852808502164285
0.5610796417388845
0.22317382673381744
0.17458780321648018
0.17458780321648018
0.2852808502164285
0.3293417562928889
0.8560856372061174
0.17458780321648018
0.17458780321648018
0.22317382673381744
0.22317382673381744
0.17458780321648018
0.2576424600507155
0.17458780321648018
0.17458780321648018
0.2576424600507155
0.22317382673381744
0.17458780321648018
0.22317382673381744
0.17458780321648018
0.2576424600507155
0.36467163148695536
0.5536289331372952
0.30874476805159207
0.17458780321648018
0.2852808502164285
0.22317382673381744
0.34782465150911057
0.17458780321648018
0.17458780321648018
0.36467163148695536
0.17458780321648018
0.22317382673381744
0.17458780321648018
0.6088170501683353
0.2852808502164285
0.17458780321648018
0.2852808502164285
0.17458780321648018
0.17458780321648018
0.36467163148695536
0.22317382673381744
0.34782465150911057
0.2852808502164285
0.8057287308940234
0.22317382673381744
0.6561350764459318
0.22317382673381744
0.17458780321648018
0.22317382673381744
0.17458780321648018
0.17458780321648018
0.22317382673381744
0.521819421850752
0.2852808502164285
0.17458780321648018
0.17458780321648018
0.17458780321648018
0.17458780321648018
0.17458780321648018
0.3293417562928889
0.2576424600507155
0.3293417562928889
0.4082168051241813
0.30874476805159207
0.17458780321648018
0.17458780321648018
0.17458780321648018
0.2852808502164285
0.17458780321648018
0.6879151542744775
0.2576424600507155
0.22317382673381744
0.17458780321648018
0.17458780321648018
0.22317382673381744
0.17458780321648018
0.3293417562928889
0.2852808502164285
0.17458780321648018
0.17458780321648018
0.17458780321648018
0.30874476805159207
0.22317382673381744
0.17458780321648018
0.2852808502164285
0.2576424600507155
0.17458780321648018
0.2852808502164285
0.17458780321648018
0.4954133346127629
0.30874476805159207
0.5301007468653078
0.2852808502164285
0.9974072431630561
0.22317382673381744
0.43310123166372894
0.2852808502164285
0.17458780321648018
0.22317382673381744
0.2576424600507155
0.17458780321648018
1.0250694672041134
0.22317382673381744
0.17458780321648018
0.17458780321648018
0.17458780321648018
0.34782465150911057
0.17458780321648018
0.17458780321648018
0.17458780321648018
0.17458780321648018
0.17458780321648018
0.2852808502164285
0.17458780321648018
0.17458780321648018
0.36467163148695536
0.17458780321648018
0.39466532083390404
0.17458780321648018
0.22317382673381744
0.30874476805159207
0.17458780321648018
0.17458780321648018
0.17458780321648018
0.17458780321648018
0.4762746281910704
0.34782465150911057
0.2852808502164285
0.30874476805159207
0.17458780321648018
0.17458780321648018
0.36467163148695536
0.22317382673381744
0.17458780321648018
0.22317382673381744
0.6616267225334455
0.5044966962578631
0.2852808502164285
0.17458780321648018
0.2576424600507155
0.2576424600507155
0.2852808502164285
0.30874476805159207
0.3293417562928889
0.2576424600507155
0.677622434401638
0.2576424600507155
0.17458780321648018
0.17458780321648018
0.5824149355397448
0.17458780321648018
0.2852808502164285
0.2576424600507155
0.17458780321648018
0.2576424600507155
0.17458780321648018
0.22317382673381744
0.5044966962578631
0.22317382673381744
0.6929578468171832
0.30874476805159207
0.786276733842459
0.17458780321648018
0.22317382673381744
0.22317382673381744
0.17458780321648018
0.22317382673381744
0.48601573950449645
0.22317382673381744
0.6024131123056006
0.17458780321648018
0.17458780321648018
0.5132912908582317
0.4082168051241813
0.22317382673381744
0.4082168051241813
0.17458780321648018
0.2576424600507155
0.22317382673381744
0.786276733842459
0.17458780321648018
0.22317382673381744
0.17458780321648018
0.3293417562928889
0.2576424600507155
0.22317382673381744
0.17458780321648018
0.17458780321648018
0.34782465150911057
0.17458780321648018
0.2576424600507155
0.17458780321648018
0.2576424600507155
0.3293417562928889
0.17458780321648018
0.17458780321648018
0.17458780321648018
0.17458780321648018
0.22317382673381744
0.17458780321648018
0.2576424600507155
0.2576424600507155
0.17458780321648018
0.34782465150911057
0.2576424600507155
0.6273278640598634
0.2576424600507155
0.17458780321648018
0.2852808502164285
0.36467163148695536
0.22317382673381744
0.17458780321648018
0.4954133346127629
0.39466532083390404
0.17458780321648018
0.17458780321648018
0.17458780321648018
0.22317382673381744
0.2576424600507155
0.2576424600507155
0.17458780321648018
0.17458780321648018
0.17458780321648018
0.3802077579192464
0.2852808502164285
0.17458780321648018
0.17458780321648018
0.2852808502164285
0.17458780321648018
0.17458780321648018
0.17458780321648018
0.8132748414642857
0.4954133346127629
0.7356083732117064
0.3802077579192464
0.17458780321648018
0.17458780321648018
0.17458780321648018
0.2576424600507155
0.17458780321648018
0.2852808502164285
0.17458780321648018
0.2852808502164285
0.22317382673381744
0.2852808502164285
0.17458780321648018
0.3293417562928889
0.3802077579192464
0.3293417562928889
0.42099424301698457
0.2576424600507155
0.17458780321648018
0.17458780321648018
0.22317382673381744
0.17458780321648018
0.43310123166372894
0.22317382673381744
0.17458780321648018
0.3802077579192464
0.17458780321648018
0.22317382673381744
0.5459907853988815
0.17458780321648018
0.17458780321648018
0.17458780321648018
0.22317382673381744
0.30874476805159207
0.17458780321648018
0.17458780321648018
0.3802077579192464
0.17458780321648018
0.2852808502164285
0.22317382673381744
0.39466532083390404
0.17458780321648018
0.2852808502164285
0.30874476805159207
0.17458780321648018
0.2576424600507155
0.17458780321648018
0.17458780321648018
0.17458780321648018
0.17458780321648018
0.34782465150911057
0.2576424600507155
0.2576424600507155
0.2576424600507155
0.17458780321648018
0.22317382673381744
0.3802077579192464
0.17458780321648018
0.3293417562928889
0.22317382673381744
0.34782465150911057
0.2852808502164285
0.63328186541988
0.22317382673381744
0.22317382673381744
0.30874476805159207
0.2576424600507155
0.17458780321648018
0.5683542061968361
0.39466532083390404
0.30874476805159207
0.17458780321648018
0.2576424600507155
0.17458780321648018
0.5381526917462142
0.17458780321648018
0.3293417562928889
0.17458780321648018
0.6088170501683353
0.17458780321648018
0.4082168051241813
0.3293417562928889
0.6448930349322806
0.42099424301698457
0.4082168051241813
0.2576424600507155
0.36467163148695536
0.2576424600507155
0.30874476805159207
0.2852808502164285
0.22317382673381744
0.4446207414236898
0.757473480179736
0.2852808502164285
0.22317382673381744
0.17458780321648018
0.2576424600507155
0.17458780321648018
0.22317382673381744
0.2852808502164285
0.22317382673381744
0.2852808502164285
0.17458780321648018
0.17458780321648018
0.17458780321648018
0.17458780321648018
0.36467163148695536
0.17458780321648018
0.17458780321648018
0.17458780321648018
0.17458780321648018
0.22317382673381744
0.2852808502164285
0.17458780321648018
0.17458780321648018
0.22317382673381744
0.17458780321648018
0.17458780321648018
0.17458780321648018
0.17458780321648018
0.42099424301698457
0.2576424600507155
0.2576424600507155
0.17458780321648018
0.22317382673381744
0.17458780321648018
0.22317382673381744
0.22317382673381744
0.34782465150911057
0.3293417562928889
0.6505583285146327
0.2852808502164285
0.17458780321648018
0.2852808502164285
0.5536289331372952
0.17458780321648018
0.2576424600507155
0.17458780321648018
0.30874476805159207
0.17458780321648018
0.17458780321648018
0.17458780321648018
0.17458780321648018
0.2576424600507155
0.2576424600507155
0.2852808502164285
0.22317382673381744
0.2576424600507155
0.30874476805159207
0.17458780321648018
0.22317382673381744
0.17458780321648018
0.22317382673381744
0.22317382673381744
0.22317382673381744
0.36467163148695536
0.17458780321648018
0.2576424600507155
0.17458780321648018
0.17458780321648018
0.5301007468653078
0.17458780321648018
0.22317382673381744
0.17458780321648018
0.5381526917462142
0.17458780321648018
0.17458780321648018
0.17458780321648018
0.17458780321648018
0.17458780321648018
0.39466532083390404
0.4082168051241813
0.17458780321648018
0.2576424600507155
0.45562038185432086
0.17458780321648018
0.17458780321648018
0.17458780321648018
0.22317382673381744
0.17458780321648018
0.34782465150911057
0.17458780321648018
0.22317382673381744
0.22317382673381744
0.8628511396343815
0.17458780321648018
0.42099424301698457
0.17458780321648018
0.22317382673381744
0.22317382673381744
0.4082168051241813
0.17458780321648018
0.595882594108902
0.17458780321648018
0.17458780321648018
0.22317382673381744
0.17458780321648018
0.17458780321648018
0.17458780321648018
0.2852808502164285
0.22317382673381744
0.22317382673381744
0.17458780321648018
0.17458780321648018
0.17458780321648018
0.2576424600507155
0.5824149355397448
0.22317382673381744
0.2852808502164285
0.17458780321648018
0.17458780321648018
0.17458780321648018
0.17458780321648018
0.3293417562928889
0.3293417562928889
0.4082168051241813
0.22317382673381744
0.17458780321648018
0.30874476805159207
0.17458780321648018
0.2576424600507155
0.17458780321648018
0.17458780321648018
0.17458780321648018
0.22317382673381744
0.2576424600507155
0.17458780321648018
0.17458780321648018
0.5459907853988815
0.17458780321648018
0.22317382673381744
0.22317382673381744
0.5301007468653078
0.2576424600507155
0.17458780321648018
0.17458780321648018
0.17458780321648018
0.22317382673381744
0.4762746281910704
0.17458780321648018
0.22317382673381744
0.17458780321648018
0.46615606589249975
0.17458780321648018
0.7218992420481424
0.30874476805159207
0.36467163148695536
0.3802077579192464
0.36467163148695536
0.17458780321648018
0.17458780321648018
0.22317382673381744
0.3802077579192464
0.17458780321648018
0.22317382673381744
0.17458780321648018
0.30874476805159207
0.30874476805159207
0.17458780321648018
0.22317382673381744
0.17458780321648018
0.2576424600507155
0.30874476805159207
0.36467163148695536
0.17458780321648018
0.17458780321648018
0.17458780321648018
0.22317382673381744
0.30874476805159207
0.17458780321648018
0.46615606589249975
0.2576424600507155
0.17458780321648018
0.22317382673381744
0.17458780321648018
0.17458780321648018
0.22317382673381744
0.2576424600507155
0.30874476805159207
0.17458780321648018
0.17458780321648018
0.17458780321648018
0.17458780321648018
0.17458780321648018
0.17458780321648018
0.17458780321648018
0.2576424600507155
0.17458780321648018
0.17458780321648018
0.17458780321648018
0.2576424600507155
0.34782465150911057
0.63328186541988
0.30874476805159207
0.17458780321648018
0.17458780321648018
0.17458780321648018
0.22317382673381744
0.17458780321648018
0.17458780321648018
0.2576424600507155
0.17458780321648018
0.17458780321648018
0.22317382673381744
0.17458780321648018
0.17458780321648018
0.5044966962578631
0.3293417562928889
0.22317382673381744
0.4082168051241813
0.4446207414236898
0.2576424600507155
0.17458780321648018
0.22317382673381744
0.4082168051241813
0.17458780321648018
0.22317382673381744
0.17458780321648018
0.5381526917462142
0.17458780321648018
0.39466532083390404
0.22317382673381744
0.17458780321648018
0.17458780321648018
0.30874476805159207
0.17458780321648018
0.22317382673381744
0.17458780321648018
0.34782465150911057
0.17458780321648018
0.17458780321648018
0.17458780321648018
0.2576424600507155
0.17458780321648018
0.17458780321648018
0.2576424600507155
0.17458780321648018
0.22317382673381744
0.677622434401638
0.22317382673381744
0.3293417562928889
0.17458780321648018
0.22317382673381744
0.17458780321648018
0.17458780321648018
0.30874476805159207
0.22317382673381744
0.22317382673381744
0.5381526917462142
0.22317382673381744
0.17458780321648018
0.22317382673381744
0.2576424600507155
0.22317382673381744
0.17458780321648018
0.17458780321648018
0.7028473043717419
0.17458780321648018
0.2852808502164285
0.17458780321648018
0.2576424600507155
0.22317382673381744
0.22317382673381744
0.22317382673381744
0.2576424600507155
0.17458780321648018
0.22317382673381744
0.17458780321648018
0.22317382673381744
0.17458780321648018
0.17458780321648018
0.17458780321648018
0.2852808502164285
0.22317382673381744
0.17458780321648018
0.17458780321648018
0.5044966962578631
0.2576424600507155
0.3293417562928889
0.17458780321648018
0.22317382673381744
0.22317382673381744
0.2576424600507155
0.22317382673381744
0.22317382673381744
0.17458780321648018
0.63328186541988
0.3293417562928889
0.17458780321648018
0.30874476805159207
0.42099424301698457
0.17458780321648018
0.22317382673381744
0.17458780321648018
0.17458780321648018
0.34782465150911057
0.17458780321648018
0.17458780321648018
0.17458780321648018
0.22317382673381744
0.22317382673381744
0.17458780321648018
0.4954133346127629
0.22317382673381744
0.2852808502164285
0.22317382673381744
0.30874476805159207
0.17458780321648018
0.17458780321648018
0.22317382673381744
0.17458780321648018
0.22317382673381744
0.9709857914636554
0.34782465150911057
0.22317382673381744
0.17458780321648018
0.22317382673381744
0.2852808502164285
0.3293417562928889
0.2852808502164285
0.17458780321648018
0.17458780321648018
0.34782465150911057
0.3293417562928889
0.22317382673381744
0.22317382673381744
0.4762746281910704
0.22317382673381744
0.48601573950449645
0.22317382673381744
0.63328186541988
0.22317382673381744
0.3802077579192464
0.3293417562928889
0.2852808502164285
0.17458780321648018
0.22317382673381744
0.22317382673381744
0.17458780321648018
0.34782465150911057
0.3293417562928889
0.17458780321648018
0.45562038185432086
0.17458780321648018
0.17458780321648018
0.17458780321648018
0.43310123166372894
0.22317382673381744
0.17458780321648018
0.3293417562928889
0.22317382673381744
0.22317382673381744
0.4082168051241813
0.2852808502164285
0.17458780321648018
0.30874476805159207
0.17458780321648018
0.17458780321648018
0.17458780321648018
0.2576424600507155
0.22317382673381744
0.22317382673381744
0.17458780321648018
0.17458780321648018
0.17458780321648018
0.22317382673381744
0.22317382673381744
0.17458780321648018
0.17458780321648018
0.17458780321648018
0.17458780321648018
0.17458780321648018
0.17458780321648018
0.17458780321648018
0.22317382673381744
0.17458780321648018
0.17458780321648018
0.17458780321648018
0.2576424600507155
0.2852808502164285
0.22317382673381744
0.22317382673381744
0.17458780321648018
0.2576424600507155
0.22317382673381744
0.17458780321648018
0.17458780321648018
0.22317382673381744
0.17458780321648018
0.17458780321648018
0.7980515231442996
0.17458780321648018
0.5610796417388845
0.3802077579192464
0.17458780321648018
0.34782465150911057
0.17458780321648018
0.2576424600507155
0.2576424600507155
0.17458780321648018
0.17458780321648018
0.2576424600507155
0.17458780321648018
0.17458780321648018
0.17458780321648018
0.22317382673381744
0.6212690144430777
0.22317382673381744
0.22317382673381744
0.30874476805159207
0.2576424600507155
0.17458780321648018
0.2576424600507155
0.2576424600507155
0.5301007468653078
0.17458780321648018
0.17458780321648018
0.17458780321648018
0.17458780321648018
0.17458780321648018
0.17458780321648018
0.17458780321648018
0.17458780321648018
0.2576424600507155
0.17458780321648018
0.2852808502164285
0.17458780321648018
0.17458780321648018
0.22317382673381744
0.17458780321648018
0.17458780321648018
0.17458780321648018
0.4954133346127629
0.17458780321648018
0.17458780321648018
0.2852808502164285
0.48601573950449645
0.22317382673381744
0.17458780321648018
0.17458780321648018
0.7028473043717419
0.17458780321648018
0.5683542061968361
0.22317382673381744
0.17458780321648018
0.2576424600507155
0.6088170501683353
0.17458780321648018
0.42099424301698457
0.3293417562928889
0.2576424600507155
0.36467163148695536
0.39466532083390404
0.17458780321648018
0.17458780321648018
0.17458780321648018
0.17458780321648018
0.17458780321648018
0.34782465150911057
0.17458780321648018
0.17458780321648018
0.17458780321648018
0.5132912908582317
0.22317382673381744
0.2576424600507155
0.17458780321648018
0.17458780321648018
0.17458780321648018
0.22317382673381744
0.17458780321648018
0.30874476805159207
0.17458780321648018
0.22317382673381744
0.17458780321648018
0.45562038185432086
0.3293417562928889
0.17458780321648018
0.17458780321648018
0.3802077579192464
0.30874476805159207
0.36467163148695536
0.17458780321648018
0.4082168051241813
0.2576424600507155
0.17458780321648018
0.17458780321648018
0.5610796417388845
0.17458780321648018
0.17458780321648018
0.17458780321648018
0.22317382673381744
0.17458780321648018
0.22317382673381744
0.17458780321648018
0.22317382673381744
0.17458780321648018
0.34782465150911057
0.17458780321648018
0.22317382673381744
0.17458780321648018
0.17458780321648018
0.2852808502164285
0.757473480179736
0.22317382673381744
0.17458780321648018
0.22317382673381744
0.42099424301698457
0.17458780321648018
0.17458780321648018
0.17458780321648018
0.17458780321648018
0.17458780321648018
0.17458780321648018
0.22317382673381744
0.757473480179736
0.2576424600507155
0.2576424600507155
0.17458780321648018
0.7700586012939713
0.4082168051241813
0.34782465150911057
0.2576424600507155
0.2576424600507155
0.17458780321648018
0.22317382673381744
0.22317382673381744
0.22317382673381744
0.17458780321648018
0.22317382673381744
0.17458780321648018
0.4082168051241813
0.17458780321648018
0.17458780321648018
0.22317382673381744
0.17458780321648018
0.17458780321648018
0.22317382673381744
0.17458780321648018
0.3293417562928889
0.17458780321648018
0.17458780321648018
0.17458780321648018
0.22317382673381744
0.3293417562928889
0.17458780321648018
0.22317382673381744
0.22317382673381744
0.17458780321648018
0.43310123166372894
0.17458780321648018
0.6616267225334455
0.36467163148695536
0.17458780321648018
0.2576424600507155
0.17458780321648018
0.22317382673381744
0.17458780321648018
0.17458780321648018
0.17458780321648018
0.17458780321648018
0.2576424600507155
0.17458780321648018
0.22317382673381744
0.17458780321648018
0.17458780321648018
0.17458780321648018
0.46615606589249975
0.3802077579192464
0.22317382673381744
0.17458780321648018
0.3802077579192464
0.17458780321648018
0.2852808502164285
0.17458780321648018
0.22317382673381744
0.17458780321648018
0.17458780321648018
0.17458780321648018
0.2852808502164285
0.22317382673381744
0.30874476805159207
0.17458780321648018
0.2576424600507155
0.17458780321648018
0.22317382673381744
0.22317382673381744
0.22317382673381744
0.17458780321648018
0.17458780321648018
0.17458780321648018
0.22317382673381744
0.22317382673381744
0.6212690144430777
0.17458780321648018
0.4446207414236898
0.17458780321648018
0.17458780321648018
0.2852808502164285
0.34782465150911057
0.17458780321648018
0.22317382673381744
0.3293417562928889
0.30874476805159207
0.17458780321648018
0.17458780321648018
0.17458780321648018
0.2852808502164285
0.22317382673381744
0.17458780321648018
0.17458780321648018
0.17458780321648018
0.2576424600507155
0.2852808502164285
0.17458780321648018
0.17458780321648018
0.17458780321648018
0.17458780321648018
0.17458780321648018
0.17458780321648018
0.2576424600507155
0.34782465150911057
0.17458780321648018
0.9709857914636554
0.2852808502164285
0.17458780321648018
0.17458780321648018
0.39466532083390404
0.22317382673381744
0.36467163148695536
0.2852808502164285
0.2852808502164285
0.17458780321648018
0.30874476805159207
0.22317382673381744
0.43310123166372894
0.17458780321648018
0.2852808502164285
0.30874476805159207
0.17458780321648018
0.17458780321648018
0.3293417562928889
0.17458780321648018
0.39466532083390404
0.17458780321648018
0.17458780321648018
0.17458780321648018
0.2576424600507155
0.22317382673381744
0.2576424600507155
0.17458780321648018
0.2576424600507155
0.17458780321648018
0.2576424600507155
0.17458780321648018
0.36467163148695536
0.2576424600507155
0.17458780321648018
0.17458780321648018
0.17458780321648018
0.17458780321648018
0.43310123166372894
0.22317382673381744
0.2576424600507155
0.2576424600507155
0.5536289331372952
0.17458780321648018
0.22317382673381744
0.17458780321648018
0.36467163148695536
0.3293417562928889
0.17458780321648018
0.22317382673381744
0.2852808502164285
0.17458780321648018
0.17458780321648018
0.22317382673381744
0.17458780321648018
0.22317382673381744
0.2576424600507155
0.22317382673381744
0.17458780321648018
0.17458780321648018
0.17458780321648018
0.17458780321648018
0.17458780321648018
0.22317382673381744
0.4082168051241813
0.22317382673381744
0.30874476805159207
0.17458780321648018
0.2576424600507155
0.17458780321648018
0.4954133346127629
0.22317382673381744
0.17458780321648018
0.17458780321648018
0.36467163148695536
0.22317382673381744
0.17458780321648018
0.22317382673381744
0.39466532083390404
0.17458780321648018
0.3802077579192464
0.2576424600507155
0.4762746281910704
0.17458780321648018
0.2576424600507155
0.22317382673381744
0.17458780321648018
0.17458780321648018
0.22317382673381744
0.17458780321648018
0.5301007468653078
0.22317382673381744
0.22317382673381744
0.17458780321648018
0.17458780321648018
0.17458780321648018
0.17458780321648018
0.17458780321648018
0.2576424600507155
0.17458780321648018
0.17458780321648018
0.17458780321648018
0.30874476805159207
0.17458780321648018
0.22317382673381744
0.2576424600507155
0.22317382673381744
0.17458780321648018
0.17458780321648018
0.30874476805159207
0.17458780321648018
0.34782465150911057
0.17458780321648018
0.17458780321648018
0.17458780321648018
0.22317382673381744
0.2852808502164285
0.17458780321648018
0.3293417562928889
0.17458780321648018
0.17458780321648018
0.17458780321648018
0.17458780321648018
0.3293417562928889
0.17458780321648018
0.17458780321648018
0.2852808502164285
0.22317382673381744
0.22317382673381744
0.17458780321648018
0.17458780321648018
0.30874476805159207
0.17458780321648018
0.17458780321648018
0.17458780321648018
0.17458780321648018
0.2852808502164285
0.17458780321648018
0.22317382673381744
0.17458780321648018
0.30874476805159207
0.17458780321648018
0.2576424600507155
0.22317382673381744
0.8422541374633079
0.34782465150911057
0.34782465150911057
0.17458780321648018
0.5610796417388845
0.17458780321648018
0.36467163148695536
0.22317382673381744
0.2576424600507155
0.17458780321648018
0.17458780321648018
0.22317382673381744
0.17458780321648018
0.17458780321648018
0.22317382673381744
0.17458780321648018
0.17458780321648018
0.22317382673381744
0.34782465150911057
0.30874476805159207
0.17458780321648018
0.17458780321648018
0.17458780321648018
0.17458780321648018
0.30874476805159207
0.17458780321648018
0.22317382673381744
0.17458780321648018
0.17458780321648018
0.17458780321648018
0.22317382673381744
0.17458780321648018
0.6024131123056006
0.36467163148695536
0.36467163148695536
0.17458780321648018
0.17458780321648018
0.22317382673381744
0.17458780321648018
0.2576424600507155
0.22317382673381744
0.2852808502164285
0.17458780321648018
0.17458780321648018
0.2576424600507155
0.17458780321648018
0.17458780321648018
0.22317382673381744
0.17458780321648018
0.22317382673381744
0.2576424600507155
0.17458780321648018
0.4762746281910704
0.17458780321648018
0.17458780321648018
0.22317382673381744
0.2576424600507155
0.17458780321648018
0.17458780321648018
0.17458780321648018
0.2576424600507155
0.17458780321648018
0.17458780321648018
0.17458780321648018
0.30874476805159207
0.22317382673381744
0.22317382673381744
0.22317382673381744
0.4082168051241813
0.17458780321648018
0.17458780321648018
0.17458780321648018
0.4762746281910704
0.17458780321648018
0.2576424600507155
0.17458780321648018
0.22317382673381744
0.17458780321648018
0.3293417562928889
0.17458780321648018
0.17458780321648018
0.17458780321648018
0.17458780321648018
0.17458780321648018
0.17458780321648018
0.17458780321648018
0.17458780321648018
0.22317382673381744
0.521819421850752
0.17458780321648018
0.17458780321648018
0.17458780321648018
0.2576424600507155
0.2576424600507155
0.17458780321648018
0.22317382673381744
0.17458780321648018
0.2576424600507155
0.2576424600507155
0.17458780321648018
0.2576424600507155
0.17458780321648018
0.22317382673381744
0.22317382673381744
0.43310123166372894
0.17458780321648018
0.39466532083390404
0.17458780321648018
0.22317382673381744
0.22317382673381744
0.17458780321648018
0.2576424600507155
0.17458780321648018
0.17458780321648018
0.17458780321648018
0.17458780321648018
0.42099424301698457
0.2576424600507155
0.17458780321648018
0.17458780321648018
0.22317382673381744
0.22317382673381744
0.17458780321648018
0.17458780321648018
0.2576424600507155
0.17458780321648018
0.2852808502164285
0.17458780321648018
0.17458780321648018
0.17458780321648018
0.17458780321648018
0.22317382673381744
0.5301007468653078
0.17458780321648018
0.43310123166372894
0.17458780321648018
0.17458780321648018
0.22317382673381744
0.17458780321648018
0.22317382673381744
0.17458780321648018
0.22317382673381744
0.17458780321648018
0.22317382673381744
0.2852808502164285
0.17458780321648018
0.34782465150911057
0.22317382673381744
0.17458780321648018
0.17458780321648018
0.3802077579192464
0.17458780321648018
0.17458780321648018
0.22317382673381744
0.17458780321648018
0.17458780321648018
0.17458780321648018
0.17458780321648018
0.2576424600507155
0.17458780321648018
0.2852808502164285
0.22317382673381744
0.7822795062479337
0.17458780321648018
0.17458780321648018
0.17458780321648018
0.17458780321648018
0.17458780321648018
0.7741713722486289
0.17458780321648018
0.7265214453722837
0.17458780321648018
0.17458780321648018
0.22317382673381744
0.17458780321648018
0.22317382673381744
0.45562038185432086
0.17458780321648018
0.2576424600507155
0.22317382673381744
0.3293417562928889
0.2852808502164285
0.3293417562928889
0.17458780321648018
0.17458780321648018
0.17458780321648018
0.17458780321648018
0.17458780321648018
0.17458780321648018
0.17458780321648018
0.17458780321648018
0.17458780321648018
0.42099424301698457
0.22317382673381744
0.17458780321648018
0.17458780321648018
0.17458780321648018
0.17458780321648018
0.22317382673381744
0.17458780321648018
0.2852808502164285
0.17458780321648018
0.17458780321648018
0.17458780321648018
0.17458780321648018
0.17458780321648018
0.17458780321648018
0.17458780321648018
0.34782465150911057
0.17458780321648018
0.7028473043717419
0.17458780321648018
0.2576424600507155
0.2576424600507155
0.17458780321648018
0.17458780321648018
0.2852808502164285
0.17458780321648018
0.5301007468653078
0.17458780321648018
0.22317382673381744
0.17458780321648018
0.17458780321648018
0.17458780321648018
0.17458780321648018
0.22317382673381744
0.22317382673381744
0.22317382673381744
0.17458780321648018
0.17458780321648018
0.17458780321648018
0.17458780321648018
0.2576424600507155
0.17458780321648018
0.17458780321648018
0.17458780321648018
0.17458780321648018
0.17458780321648018
0.22317382673381744
0.17458780321648018
0.22317382673381744
0.17458780321648018
0.4446207414236898
0.17458780321648018
0.17458780321648018
0.22317382673381744
0.39466532083390404
0.22317382673381744
0.6505583285146327
0.2576424600507155
1.0025407399130883
0.17458780321648018
0.2852808502164285
0.17458780321648018
0.22317382673381744
0.22317382673381744
0.17458780321648018
0.17458780321648018
0.2852808502164285
0.17458780321648018
0.3802077579192464
0.22317382673381744
0.17458780321648018
0.2576424600507155
0.22317382673381744
0.17458780321648018
0.17458780321648018
0.3293417562928889
0.17458780321648018
0.17458780321648018
0.39466532083390404
0.2576424600507155
0.43310123166372894
0.22317382673381744
0.39466532083390404
0.17458780321648018
0.17458780321648018
0.17458780321648018
0.17458780321648018
0.17458780321648018
0.17458780321648018
0.17458780321648018
0.34782465150911057
0.22317382673381744
0.17458780321648018
0.17458780321648018
0.17458780321648018
0.17458780321648018
0.22317382673381744
0.17458780321648018
0.17458780321648018
0.17458780321648018
0.17458780321648018
0.17458780321648018
0.17458780321648018
0.2576424600507155
0.3293417562928889
0.17458780321648018
0.17458780321648018
0.17458780321648018
0.17458780321648018
0.17458780321648018
0.17458780321648018
0.17458780321648018
0.2576424600507155
0.22317382673381744
0.17458780321648018
0.17458780321648018
0.39466532083390404
0.17458780321648018
0.2576424600507155
0.17458780321648018
0.5683542061968361
0.2852808502164285
0.2576424600507155
0.34782465150911057
0.17458780321648018
0.17458780321648018
0.39466532083390404
0.17458780321648018
0.17458780321648018
0.17458780321648018
0.17458780321648018
0.17458780321648018
0.7700586012939713
0.17458780321648018
0.2576424600507155
0.22317382673381744
0.17458780321648018
0.17458780321648018
0.4082168051241813
0.17458780321648018
0.22317382673381744
0.17458780321648018
0.22317382673381744
0.17458780321648018
0.22317382673381744
0.17458780321648018
0.5754628658129284
0.17458780321648018
0.36467163148695536
0.17458780321648018
0.17458780321648018
0.17458780321648018
0.17458780321648018
0.2576424600507155
0.17458780321648018
0.17458780321648018
0.2852808502164285
0.17458780321648018
0.22317382673381744
0.17458780321648018
0.17458780321648018
0.17458780321648018
0.17458780321648018
0.17458780321648018
0.22317382673381744
0.2576424600507155
0.17458780321648018
0.17458780321648018
0.17458780321648018
0.17458780321648018
0.17458780321648018
0.17458780321648018
0.39466532083390404
0.17458780321648018
0.46615606589249975
0.2576424600507155
0.45562038185432086
0.17458780321648018
0.17458780321648018
0.17458780321648018
0.2576424600507155
0.17458780321648018
0.2576424600507155
0.2852808502164285
0.5381526917462142
0.22317382673381744
0.17458780321648018
0.17458780321648018
0.22317382673381744
0.17458780321648018
0.17458780321648018
0.17458780321648018
0.22317382673381744
0.17458780321648018
0.2852808502164285
0.17458780321648018
0.17458780321648018
0.17458780321648018
0.17458780321648018
0.17458780321648018
0.22317382673381744
0.17458780321648018
0.39466532083390404
0.17458780321648018
0.30874476805159207
0.17458780321648018
0.17458780321648018
0.17458780321648018
0.2852808502164285
0.17458780321648018
0.2576424600507155
0.17458780321648018
0.17458780321648018
0.17458780321648018
0.22317382673381744
0.2852808502164285
0.17458780321648018
0.17458780321648018
0.17458780321648018
0.17458780321648018
0.17458780321648018
0.2576424600507155
0.34782465150911057
0.17458780321648018
0.39466532083390404
0.22317382673381744
0.17458780321648018
0.22317382673381744
0.17458780321648018
0.34782465150911057
0.17458780321648018
0.17458780321648018
0.17458780321648018
0.17458780321648018
0.17458780321648018
0.22317382673381744
0.521819421850752
0.17458780321648018
0.4762746281910704
0.17458780321648018
0.17458780321648018
0.22317382673381744
0.521819421850752
0.2576424600507155
0.22317382673381744
0.17458780321648018
0.2576424600507155
0.17458780321648018
0.8019068769964122
0.17458780321648018
0.22317382673381744
0.17458780321648018
0.17458780321648018
0.2576424600507155
0.22317382673381744
0.17458780321648018
0.39466532083390404
0.17458780321648018
0.17458780321648018
0.22317382673381744
0.2576424600507155
0.17458780321648018
0.17458780321648018
0.22317382673381744
0.36467163148695536
0.17458780321648018
0.34782465150911057
0.30874476805159207
0.2576424600507155
0.17458780321648018
0.2576424600507155
0.17458780321648018
0.17458780321648018
0.2576424600507155
0.17458780321648018
0.22317382673381744
0.17458780321648018
0.22317382673381744
0.22317382673381744
0.17458780321648018
0.17458780321648018
0.17458780321648018
0.34782465150911057
0.17458780321648018
0.22317382673381744
0.17458780321648018
0.17458780321648018
0.17458780321648018
0.17458780321648018
0.17458780321648018
0.22317382673381744
0.17458780321648018
0.30874476805159207
0.17458780321648018
0.22317382673381744
0.17458780321648018
0.17458780321648018
0.2576424600507155
0.36467163148695536
0.17458780321648018
0.17458780321648018
0.17458780321648018
0.17458780321648018
0.17458780321648018
0.17458780321648018
0.17458780321648018
0.17458780321648018
0.17458780321648018
0.22317382673381744
0.17458780321648018
0.17458780321648018
0.17458780321648018
0.17458780321648018
0.17458780321648018
0.17458780321648018
0.17458780321648018
0.22317382673381744
0.17458780321648018
0.17458780321648018
0.17458780321648018
0.17458780321648018
0.17458780321648018
0.39466532083390404
0.2576424600507155
0.17458780321648018
0.22317382673381744
0.34782465150911057
0.17458780321648018
0.36467163148695536
0.17458780321648018
0.4082168051241813
0.17458780321648018
0.17458780321648018
0.2576424600507155
0.17458780321648018
0.17458780321648018
0.22317382673381744
0.17458780321648018
0.2852808502164285
0.17458780321648018
0.2576424600507155
0.17458780321648018
0.6448930349322806
0.17458780321648018
0.17458780321648018
0.17458780321648018
0.17458780321648018
0.17458780321648018
0.17458780321648018
0.22317382673381744
0.17458780321648018
0.17458780321648018
0.30874476805159207
0.17458780321648018
0.17458780321648018
0.17458780321648018
0.22317382673381744
0.17458780321648018
0.17458780321648018
0.17458780321648018
0.17458780321648018
0.17458780321648018
0.17458780321648018
0.17458780321648018
0.22317382673381744
0.17458780321648018
0.17458780321648018
0.17458780321648018
0.17458780321648018
0.17458780321648018
0.2852808502164285
0.17458780321648018
0.17458780321648018
0.2576424600507155
0.2576424600507155
0.17458780321648018
0.4446207414236898
0.2576424600507155
0.3293417562928889
0.22317382673381744
0.22317382673381744
0.17458780321648018
0.17458780321648018
0.17458780321648018
0.17458780321648018
0.17458780321648018
0.2852808502164285
0.17458780321648018
1.0537713970546574
0.22317382673381744
0.17458780321648018
0.22317382673381744
0.17458780321648018
0.2852808502164285
0.3293417562928889
0.17458780321648018
0.34782465150911057
0.17458780321648018
0.22317382673381744
0.17458780321648018
0.17458780321648018
0.17458780321648018
0.46615606589249975
0.22317382673381744
0.30874476805159207
0.17458780321648018
0.17458780321648018
0.17458780321648018
0.22317382673381744
0.17458780321648018
0.36467163148695536
0.17458780321648018
0.2576424600507155
0.17458780321648018
0.2576424600507155
0.17458780321648018
0.17458780321648018
0.22317382673381744
0.2852808502164285
0.17458780321648018
0.2852808502164285
0.2576424600507155
0.17458780321648018
0.17458780321648018
0.17458780321648018
0.17458780321648018
0.17458780321648018
0.2852808502164285
0.2576424600507155
0.17458780321648018
0.17458780321648018
0.22317382673381744
0.17458780321648018
0.17458780321648018
0.17458780321648018
0.2852808502164285
0.7822795062479337
0.17458780321648018
0.17458780321648018
0.17458780321648018
0.17458780321648018
0.17458780321648018
0.17458780321648018
0.22317382673381744
0.3802077579192464
0.22317382673381744
0.17458780321648018
0.2576424600507155
0.34782465150911057
0.22317382673381744
0.2852808502164285
0.17458780321648018
0.17458780321648018
0.17458780321648018
0.17458780321648018
0.17458780321648018
0.17458780321648018
0.17458780321648018
0.17458780321648018
0.2852808502164285
0.3802077579192464
0.17458780321648018
0.17458780321648018
0.17458780321648018
0.17458780321648018
0.17458780321648018
0.3802077579192464
0.17458780321648018
0.42099424301698457
0.17458780321648018
0.22317382673381744
0.17458780321648018
0.22317382673381744
0.2576424600507155
0.521819421850752
0.17458780321648018
0.17458780321648018
0.17458780321648018
0.6088170501683353
0.17458780321648018
0.2852808502164285
0.17458780321648018
0.17458780321648018
0.17458780321648018
0.22317382673381744
0.17458780321648018
0.22317382673381744
0.17458780321648018
0.4762746281910704
0.17458780321648018
0.22317382673381744
0.17458780321648018
0.6929578468171832
0.17458780321648018
0.2576424600507155
0.17458780321648018
0.17458780321648018
0.17458780321648018
0.2852808502164285
0.17458780321648018
0.17458780321648018
0.17458780321648018
0.17458780321648018
0.17458780321648018
0.30874476805159207
0.22317382673381744
0.2852808502164285
0.17458780321648018
0.2576424600507155
0.22317382673381744
0.36467163148695536
0.17458780321648018
0.17458780321648018
0.17458780321648018
0.17458780321648018
0.30874476805159207
0.17458780321648018
0.17458780321648018
0.17458780321648018
0.2576424600507155
0.17458780321648018
0.17458780321648018
0.17458780321648018
0.17458780321648018
0.17458780321648018
0.17458780321648018
0.17458780321648018
0.17458780321648018
0.2852808502164285
0.22317382673381744
0.17458780321648018
0.36467163148695536
0.2576424600507155
0.22317382673381744
0.17458780321648018
0.17458780321648018
0.3802077579192464
0.17458780321648018
0.17458780321648018
0.17458780321648018
0.30874476805159207
0.17458780321648018
0.17458780321648018
0.17458780321648018
0.2576424600507155
0.22317382673381744
0.17458780321648018
0.17458780321648018
0.17458780321648018
0.2576424600507155
1.0443634767997578
0.17458780321648018
0.17458780321648018
0.17458780321648018
0.17458780321648018
0.17458780321648018
0.2852808502164285
0.17458780321648018
0.30874476805159207
0.17458780321648018
0.3802077579192464
0.17458780321648018
0.17458780321648018
0.22317382673381744
0.42099424301698457
0.22317382673381744
0.17458780321648018
0.17458780321648018
0.17458780321648018
0.17458780321648018
0.22317382673381744
0.22317382673381744
0.17458780321648018
0.17458780321648018
0.17458780321648018
0.17458780321648018
0.17458780321648018
0.2576424600507155
0.17458780321648018
0.22317382673381744
0.17458780321648018
0.17458780321648018
0.3802077579192464
0.2576424600507155
0.17458780321648018
0.22317382673381744
0.17458780321648018
0.17458780321648018
0.17458780321648018
0.17458780321648018
0.3293417562928889
0.17458780321648018
0.34782465150911057
0.17458780321648018
0.17458780321648018
0.22317382673381744
0.521819421850752
0.22317382673381744
0.3802077579192464
0.17458780321648018
0.17458780321648018
0.22317382673381744
0.17458780321648018
0.22317382673381744
0.17458780321648018
0.17458780321648018
0.4082168051241813
0.17458780321648018
0.2576424600507155
0.17458780321648018
0.521819421850752
0.2576424600507155
0.7028473043717419
0.17458780321648018
0.17458780321648018
0.17458780321648018
0.17458780321648018
0.17458780321648018
0.2852808502164285
0.17458780321648018
0.17458780321648018
0.17458780321648018
0.2576424600507155
0.17458780321648018
0.39466532083390404
0.22317382673381744
0.17458780321648018
0.22317382673381744
0.17458780321648018
0.17458780321648018
0.2576424600507155
0.17458780321648018
0.22317382673381744
0.17458780321648018
0.2576424600507155
0.2576424600507155
0.17458780321648018
0.17458780321648018
0.8628511396343815
0.17458780321648018
0.46615606589249975
0.2576424600507155
0.17458780321648018
0.17458780321648018
0.5892189171847229
0.17458780321648018
0.2852808502164285
0.17458780321648018
0.22317382673381744
0.17458780321648018
0.17458780321648018
0.17458780321648018
0.7076982774427163
0.2576424600507155
0.2852808502164285
0.2576424600507155
0.22317382673381744
0.17458780321648018
0.17458780321648018
0.17458780321648018
0.17458780321648018
0.17458780321648018
0.2576424600507155
0.17458780321648018
0.22317382673381744
0.17458780321648018
0.30874476805159207
0.17458780321648018
0.42099424301698457
0.17458780321648018
0.17458780321648018
0.22317382673381744
0.17458780321648018
0.17458780321648018
0.17458780321648018
0.17458780321648018
0.901552810067754
0.2576424600507155
0.17458780321648018
0.17458780321648018
0.17458780321648018
0.17458780321648018
0.17458780321648018
0.22317382673381744
0.17458780321648018
0.17458780321648018
0.17458780321648018
0.17458780321648018
0.2576424600507155
0.2576424600507155
0.17458780321648018
0.22317382673381744
0.17458780321648018
0.17458780321648018
0.17458780321648018
0.17458780321648018
0.17458780321648018
0.17458780321648018
0.34782465150911057
0.2576424600507155
0.22317382673381744
0.17458780321648018
0.17458780321648018
0.17458780321648018
0.17458780321648018
0.22317382673381744
0.17458780321648018
0.17458780321648018
0.22317382673381744
0.17458780321648018
0.22317382673381744
0.17458780321648018
0.2576424600507155
0.17458780321648018
0.3293417562928889
0.17458780321648018
0.17458780321648018
0.17458780321648018
0.30874476805159207
0.17458780321648018
0.2576424600507155
0.22317382673381744
0.22317382673381744
0.17458780321648018
0.22317382673381744
0.17458780321648018
0.17458780321648018
0.22317382673381744
0.2852808502164285
0.17458780321648018
0.4446207414236898
0.17458780321648018
0.2576424600507155
0.17458780321648018
0.2852808502164285
0.17458780321648018
0.2576424600507155
0.17458780321648018
0.17458780321648018
0.17458780321648018
0.17458780321648018
0.22317382673381744
0.22317382673381744
0.22317382673381744
0.17458780321648018
0.17458780321648018
0.22317382673381744
0.22317382673381744
0.2576424600507155
0.17458780321648018
0.5301007468653078
0.22317382673381744
0.22317382673381744
0.22317382673381744
0.17458780321648018
0.17458780321648018
0.17458780321648018
0.17458780321648018
0.39466532083390404
0.17458780321648018
0.39466532083390404
0.17458780321648018
0.17458780321648018
0.17458780321648018
0.2576424600507155
0.17458780321648018
0.17458780321648018
0.17458780321648018
0.17458780321648018
0.17458780321648018
0.5754628658129284
0.17458780321648018
0.22317382673381744
0.17458780321648018
0.2576424600507155
0.17458780321648018
0.17458780321648018
0.17458780321648018
0.17458780321648018
0.17458780321648018
0.17458780321648018
0.17458780321648018
0.17458780321648018
0.17458780321648018
0.3293417562928889
0.22317382673381744
0.17458780321648018
0.22317382673381744
0.4446207414236898
0.22317382673381744
0.17458780321648018
0.17458780321648018
0.17458780321648018
0.17458780321648018
0.34782465150911057
0.22317382673381744
0.17458780321648018
0.17458780321648018
0.17458780321648018
0.17458780321648018
0.5459907853988815
0.3293417562928889
0.2576424600507155
0.17458780321648018
0.17458780321648018
0.22317382673381744
0.17458780321648018
0.17458780321648018
0.22317382673381744
0.17458780321648018
0.17458780321648018
0.17458780321648018
0.17458780321648018
0.17458780321648018
0.2852808502164285
0.17458780321648018
0.5044966962578631
0.17458780321648018
0.17458780321648018
0.17458780321648018
0.17458780321648018
0.2576424600507155
0.22317382673381744
0.17458780321648018
0.22317382673381744
0.17458780321648018
0.22317382673381744
0.17458780321648018
0.3802077579192464
0.17458780321648018
0.17458780321648018
0.17458780321648018
0.17458780321648018
0.17458780321648018
0.30874476805159207
0.17458780321648018
0.43310123166372894
0.17458780321648018
0.22317382673381744
0.17458780321648018
0.17458780321648018
0.17458780321648018
0.45562038185432086
0.17458780321648018
0.5381526917462142
0.22317382673381744
0.5132912908582317
0.17458780321648018
0.17458780321648018
0.17458780321648018
0.17458780321648018
0.17458780321648018
0.17458780321648018
0.22317382673381744
0.7218992420481424
0.17458780321648018
0.17458780321648018
0.17458780321648018
0.4954133346127629
0.17458780321648018
0.17458780321648018
0.17458780321648018
0.17458780321648018
0.17458780321648018
0.17458780321648018
0.2576424600507155
0.17458780321648018
0.17458780321648018
0.2852808502164285
0.17458780321648018
0.39466532083390404
0.22317382673381744
0.3293417562928889
0.17458780321648018
0.17458780321648018
0.17458780321648018
0.22317382673381744
0.17458780321648018
0.6929578468171832
0.17458780321648018
0.22317382673381744
0.17458780321648018
0.17458780321648018
0.17458780321648018
0.17458780321648018
0.22317382673381744
0.17458780321648018
0.2576424600507155
0.6723674498878903
0.2576424600507155
0.2576424600507155
0.17458780321648018
0.17458780321648018
0.17458780321648018
0.2576424600507155
0.17458780321648018
0.22317382673381744
0.17458780321648018
0.2852808502164285
0.17458780321648018
0.22317382673381744
0.17458780321648018
0.17458780321648018
0.17458780321648018
0.17458780321648018
0.17458780321648018
0.6929578468171832
0.22317382673381744
0.2852808502164285
0.17458780321648018
0.36467163148695536
0.17458780321648018
0.3802077579192464
0.17458780321648018
0.17458780321648018
0.17458780321648018
0.17458780321648018
0.17458780321648018
0.17458780321648018
0.22317382673381744
0.2576424600507155
0.17458780321648018
0.17458780321648018
0.17458780321648018
0.17458780321648018
0.17458780321648018
0.2852808502164285
0.17458780321648018
0.30874476805159207
0.22317382673381744
0.30874476805159207
0.17458780321648018
0.5301007468653078
0.17458780321648018
0.17458780321648018
0.2576424600507155
0.30874476805159207
0.22317382673381744
0.2576424600507155
0.17458780321648018
0.17458780321648018
0.17458780321648018
0.17458780321648018
0.17458780321648018
0.17458780321648018
0.17458780321648018
0.2576424600507155
0.22317382673381744
0.22317382673381744
0.17458780321648018
0.17458780321648018
0.17458780321648018
0.2576424600507155
0.2576424600507155
0.17458780321648018
0.17458780321648018
0.17458780321648018
0.17458780321648018
0.17458780321648018
0.17458780321648018
0.30874476805159207
0.17458780321648018
0.17458780321648018
0.17458780321648018
0.39466532083390404
0.17458780321648018
0.4446207414236898
0.17458780321648018
0.43310123166372894
0.17458780321648018
0.36467163148695536
0.17458780321648018
0.17458780321648018
0.17458780321648018
0.17458780321648018
0.17458780321648018
0.17458780321648018
0.2576424600507155
0.30874476805159207
0.22317382673381744
0.17458780321648018
0.17458780321648018
0.5459907853988815
0.17458780321648018
0.17458780321648018
0.17458780321648018
0.22317382673381744
0.17458780321648018
0.22317382673381744
0.17458780321648018
0.17458780321648018
0.17458780321648018
0.17458780321648018
0.17458780321648018
0.22317382673381744
0.17458780321648018
0.30874476805159207
0.22317382673381744
0.43310123166372894
0.17458780321648018
0.46615606589249975
0.17458780321648018
0.2576424600507155
0.17458780321648018
0.30874476805159207
0.17458780321648018
0.22317382673381744
0.17458780321648018
0.3293417562928889
0.17458780321648018
0.17458780321648018
0.17458780321648018
0.2852808502164285
0.17458780321648018
0.17458780321648018
0.17458780321648018
0.2576424600507155
0.17458780321648018
0.8661979186403077
0.17458780321648018
0.17458780321648018
0.17458780321648018
0.5824149355397448
0.17458780321648018
0.17458780321648018
0.17458780321648018
0.3293417562928889
0.17458780321648018
0.17458780321648018
0.22317382673381744
0.17458780321648018
0.17458780321648018
0.17458780321648018
0.17458780321648018
0.17458780321648018
0.17458780321648018
0.17458780321648018
0.17458780321648018
0.17458780321648018
0.17458780321648018
0.3802077579192464
0.2576424600507155
0.2576424600507155
0.22317382673381744
0.17458780321648018
0.17458780321648018
0.17458780321648018
0.17458780321648018
0.17458780321648018
0.17458780321648018
0.22317382673381744
0.2576424600507155
0.2852808502164285
0.17458780321648018
0.22317382673381744
0.17458780321648018
0.17458780321648018
0.17458780321648018
0.17458780321648018
0.17458780321648018
0.17458780321648018
0.17458780321648018
0.17458780321648018
0.17458780321648018
0.5132912908582317
0.17458780321648018
0.8793549985691531
0.17458780321648018
0.2852808502164285
0.17458780321648018
0.17458780321648018
0.17458780321648018
0.2576424600507155
0.17458780321648018
0.30874476805159207
0.17458780321648018
0.9227965149682257
0.17458780321648018
0.17458780321648018
0.17458780321648018
0.17458780321648018
0.17458780321648018
0.17458780321648018
0.2576424600507155
0.17458780321648018
0.17458780321648018
0.17458780321648018
0.17458780321648018
0.17458780321648018
0.17458780321648018
0.2852808502164285
0.3293417562928889
0.17458780321648018
0.17458780321648018
0.17458780321648018
0.17458780321648018
0.17458780321648018
0.17458780321648018
0.17458780321648018
0.17458780321648018
0.17458780321648018
0.17458780321648018
0.17458780321648018
0.17458780321648018
0.17458780321648018
0.17458780321648018
0.677622434401638
0.17458780321648018
0.17458780321648018
0.17458780321648018
0.17458780321648018
0.17458780321648018
0.17458780321648018
0.17458780321648018
0.39466532083390404
0.17458780321648018
0.45562038185432086
0.22317382673381744
0.17458780321648018
0.17458780321648018
0.17458780321648018
0.17458780321648018
0.36467163148695536
0.22317382673381744
0.17458780321648018
0.17458780321648018
0.17458780321648018
0.17458780321648018
0.22317382673381744
0.17458780321648018
0.3293417562928889
0.22317382673381744
0.17458780321648018
0.22317382673381744
0.17458780321648018
0.17458780321648018
0.5381526917462142
0.17458780321648018
0.63328186541988
0.22317382673381744
0.17458780321648018
0.17458780321648018
0.22317382673381744
0.17458780321648018
0.2576424600507155
0.22317382673381744
0.2852808502164285
0.22317382673381744
0.17458780321648018
0.17458780321648018
0.17458780321648018
0.17458780321648018
0.17458780321648018
0.17458780321648018
0.30874476805159207
0.17458780321648018
0.17458780321648018
0.17458780321648018
0.17458780321648018
0.17458780321648018
0.3293417562928889
0.22317382673381744
0.17458780321648018
0.17458780321648018
0.17458780321648018
0.17458780321648018
0.7124893742519208
0.17458780321648018
0.17458780321648018
0.17458780321648018
0.17458780321648018
0.22317382673381744
0.17458780321648018
0.17458780321648018
0.2576424600507155
0.17458780321648018
0.17458780321648018
0.17458780321648018
0.22317382673381744
0.17458780321648018
0.17458780321648018
0.17458780321648018
0.2576424600507155
0.17458780321648018
0.22317382673381744
0.17458780321648018
0.17458780321648018
0.17458780321648018
0.2576424600507155
0.17458780321648018
0.22317382673381744
0.22317382673381744
0.17458780321648018
0.17458780321648018
0.17458780321648018
0.17458780321648018
0.17458780321648018
0.17458780321648018
0.17458780321648018
0.22317382673381744
0.22317382673381744
0.17458780321648018
0.17458780321648018
0.17458780321648018
0.2852808502164285
0.17458780321648018
0.2852808502164285
0.22317382673381744
0.6929578468171832
0.17458780321648018
0.17458780321648018
0.17458780321648018
0.17458780321648018
0.17458780321648018
0.17458780321648018
0.2852808502164285
0.17458780321648018
0.22317382673381744
0.30874476805159207
0.17458780321648018
0.7488668846757958
0.22317382673381744
0.22317382673381744
0.17458780321648018
0.17458780321648018
0.17458780321648018
0.17458780321648018
0.17458780321648018
0.42099424301698457
0.17458780321648018
0.30874476805159207
0.22317382673381744
0.17458780321648018
0.17458780321648018
0.22317382673381744
0.17458780321648018
0.17458780321648018
0.17458780321648018
0.6929578468171832
0.17458780321648018
0.17458780321648018
0.17458780321648018
0.17458780321648018
0.17458780321648018
0.5301007468653078
0.17458780321648018
0.17458780321648018
0.17458780321648018
0.17458780321648018
0.17458780321648018
0.17458780321648018
0.17458780321648018
0.22317382673381744
0.17458780321648018
0.4762746281910704
0.17458780321648018
0.22317382673381744
0.17458780321648018
0.34782465150911057
0.17458780321648018
0.17458780321648018
0.17458780321648018
0.17458780321648018
0.17458780321648018
0.2576424600507155
0.17458780321648018
0.17458780321648018
0.17458780321648018
0.42099424301698457
0.17458780321648018
0.17458780321648018
0.17458780321648018
0.17458780321648018
0.17458780321648018
0.2576424600507155
0.22317382673381744
0.17458780321648018
0.17458780321648018
0.2852808502164285
0.17458780321648018
0.22317382673381744
0.17458780321648018
0.22317382673381744
0.22317382673381744
0.17458780321648018
0.22317382673381744
0.3293417562928889
0.17458780321648018
0.7941619106833521
0.17458780321648018
0.42099424301698457
0.17458780321648018
0.17458780321648018
0.17458780321648018
0.17458780321648018
0.17458780321648018
0.17458780321648018
0.17458780321648018
0.6273278640598634
0.17458780321648018
0.2852808502164285
0.22317382673381744
0.34782465150911057
0.17458780321648018
0.17458780321648018
0.17458780321648018
0.7941619106833521
0.22317382673381744
0.22317382673381744
0.17458780321648018
0.22317382673381744
0.17458780321648018
0.17458780321648018
0.17458780321648018
0.22317382673381744
0.17458780321648018
0.2852808502164285
0.17458780321648018
0.17458780321648018
0.17458780321648018
0.34782465150911057
0.22317382673381744
0.22317382673381744
0.17458780321648018
0.17458780321648018
0.17458780321648018
0.17458780321648018
0.17458780321648018
0.17458780321648018
0.17458780321648018
0.17458780321648018
0.17458780321648018
0.30874476805159207
0.17458780321648018
0.22317382673381744
0.17458780321648018
0.17458780321648018
0.22317382673381744
0.17458780321648018
0.17458780321648018
0.22317382673381744
0.17458780321648018
0.39466532083390404
0.17458780321648018
0.2852808502164285
0.17458780321648018
0.17458780321648018
0.17458780321648018
0.17458780321648018
0.2576424600507155
0.22317382673381744
0.17458780321648018
0.2852808502164285
0.17458780321648018
0.17458780321648018
0.17458780321648018
0.22317382673381744
0.30874476805159207
0.17458780321648018
0.17458780321648018
0.17458780321648018
0.17458780321648018
0.2852808502164285
0.17458780321648018
0.2576424600507155
0.17458780321648018
0.36467163148695536
0.17458780321648018
0.17458780321648018
0.17458780321648018
0.63328186541988
0.17458780321648018
0.7902372529531645
0.17458780321648018
0.17458780321648018
0.17458780321648018
0.2852808502164285
0.17458780321648018
0.17458780321648018
0.17458780321648018
0.17458780321648018
0.17458780321648018
0.22317382673381744
0.17458780321648018
0.17458780321648018
0.17458780321648018
0.17458780321648018
0.17458780321648018
0.3293417562928889
0.22317382673381744
0.22317382673381744
0.17458780321648018
0.17458780321648018
0.2576424600507155
0.17458780321648018
0.17458780321648018
0.3802077579192464
0.2576424600507155
0.6505583285146327
0.17458780321648018
0.17458780321648018
0.17458780321648018
0.17458780321648018
0.17458780321648018
0.17458780321648018
0.17458780321648018
0.17458780321648018
0.17458780321648018
0.5301007468653078
0.17458780321648018
0.22317382673381744
0.17458780321648018
0.17458780321648018
0.2576424600507155
0.17458780321648018
0.17458780321648018
0.17458780321648018
0.17458780321648018
0.22317382673381744
0.17458780321648018
0.17458780321648018
0.17458780321648018
0.17458780321648018
0.17458780321648018
0.17458780321648018
0.17458780321648018
0.17458780321648018
0.22317382673381744
0.3293417562928889
0.17458780321648018
0.2576424600507155
0.17458780321648018
0.6879151542744775
0.17458780321648018
0.17458780321648018
0.17458780321648018
0.17458780321648018
0.17458780321648018
0.17458780321648018
0.17458780321648018
0.17458780321648018
0.17458780321648018
0.3293417562928889
0.17458780321648018
0.17458780321648018
0.17458780321648018
0.2852808502164285
0.22317382673381744
0.17458780321648018
0.17458780321648018
0.39466532083390404
0.17458780321648018
0.3293417562928889
0.17458780321648018
0.22317382673381744
0.17458780321648018
0.22317382673381744
0.17458780321648018
0.17458780321648018
0.17458780321648018
0.17458780321648018
0.17458780321648018
0.30874476805159207
0.2576424600507155
0.17458780321648018
0.2852808502164285
0.17458780321648018
0.17458780321648018
0.5754628658129284
0.17458780321648018
0.17458780321648018
0.17458780321648018
0.22317382673381744
0.2852808502164285
0.36467163148695536
0.22317382673381744
0.4762746281910704
0.17458780321648018
0.910767975938279
0.17458780321648018
0.17458780321648018
0.17458780321648018
0.17458780321648018
0.17458780321648018
0.17458780321648018
0.17458780321648018
0.17458780321648018
0.22317382673381744
0.22317382673381744
0.17458780321648018
0.22317382673381744
0.17458780321648018
0.17458780321648018
0.17458780321648018
0.17458780321648018
0.17458780321648018
0.17458780321648018
0.17458780321648018
0.3802077579192464
0.17458780321648018
0.2576424600507155
0.17458780321648018
0.17458780321648018
0.17458780321648018
0.17458780321648018
0.17458780321648018
0.17458780321648018
0.17458780321648018
0.17458780321648018
0.17458780321648018
0.17458780321648018
0.17458780321648018
0.17458780321648018
0.22317382673381744
0.48601573950449645
0.22317382673381744
0.17458780321648018
0.3293417562928889
0.30874476805159207
0.17458780321648018
0.22317382673381744
0.17458780321648018
0.34782465150911057
0.17458780321648018
0.17458780321648018
0.17458780321648018
0.39466532083390404
0.17458780321648018
0.17458780321648018
0.17458780321648018
0.17458780321648018
0.17458780321648018
0.17458780321648018
0.17458780321648018
0.39466532083390404
0.17458780321648018
0.17458780321648018
0.22317382673381744
0.2852808502164285
0.17458780321648018
0.22317382673381744
0.22317382673381744
0.17458780321648018
0.17458780321648018
0.17458780321648018
0.2576424600507155
0.17458780321648018
0.17458780321648018
0.17458780321648018
0.22317382673381744
0.22317382673381744
0.17458780321648018
0.17458780321648018
0.17458780321648018
0.17458780321648018
0.17458780321648018
0.17458780321648018
0.17458780321648018
0.22317382673381744
0.17458780321648018
0.30874476805159207
0.17458780321648018
0.17458780321648018
0.17458780321648018
0.17458780321648018
0.17458780321648018
0.17458780321648018
0.17458780321648018
0.17458780321648018
0.17458780321648018
0.2852808502164285
0.17458780321648018
0.17458780321648018
0.17458780321648018
0.17458780321648018
0.17458780321648018
0.17458780321648018
0.17458780321648018
0.17458780321648018
0.17458780321648018
0.17458780321648018
0.17458780321648018
0.5044966962578631
0.17458780321648018
0.17458780321648018
0.17458780321648018
0.34782465150911057
0.17458780321648018
0.30874476805159207
0.17458780321648018
0.2576424600507155
0.17458780321648018
0.3802077579192464
0.17458780321648018
0.17458780321648018
0.22317382673381744
0.17458780321648018
0.17458780321648018
0.17458780321648018
0.22317382673381744
0.45562038185432086
0.17458780321648018
0.2852808502164285
0.17458780321648018
0.17458780321648018
0.17458780321648018
0.2852808502164285
0.17458780321648018
0.17458780321648018
0.2576424600507155
0.2576424600507155
0.17458780321648018
0.22317382673381744
0.17458780321648018
0.30874476805159207
0.17458780321648018
0.17458780321648018
0.17458780321648018
0.17458780321648018
0.17458780321648018
0.17458780321648018
0.17458780321648018
0.2576424600507155
0.17458780321648018
0.17458780321648018
0.2852808502164285
0.22317382673381744
0.17458780321648018
0.17458780321648018
0.17458780321648018
0.3293417562928889
0.17458780321648018
0.22317382673381744
0.17458780321648018
0.3293417562928889
0.22317382673381744
0.17458780321648018
0.17458780321648018
0.17458780321648018
0.17458780321648018
0.17458780321648018
0.17458780321648018
0.17458780321648018
0.17458780321648018
0.30874476805159207
0.22317382673381744
0.46615606589249975
0.22317382673381744
0.17458780321648018
0.17458780321648018
0.17458780321648018
0.17458780321648018
0.17458780321648018
0.17458780321648018
0.17458780321648018
0.17458780321648018
0.17458780321648018
0.17458780321648018
0.17458780321648018
0.17458780321648018
0.17458780321648018
0.22317382673381744
0.17458780321648018
0.22317382673381744
0.22317382673381744
0.17458780321648018
0.17458780321648018
0.17458780321648018
0.5132912908582317
0.17458780321648018
0.2576424600507155
0.17458780321648018
0.30874476805159207
0.17458780321648018
0.17458780321648018
0.17458780321648018
0.30874476805159207
0.17458780321648018
0.17458780321648018
0.17458780321648018
0.17458780321648018
0.17458780321648018
0.17458780321648018
0.17458780321648018
0.17458780321648018
0.17458780321648018
0.6670365002190923
0.17458780321648018
0.22317382673381744
0.17458780321648018
0.17458780321648018
0.17458780321648018
0.17458780321648018
0.17458780321648018
0.22317382673381744
0.17458780321648018
0.17458780321648018
0.17458780321648018
0.22317382673381744
0.17458780321648018
0.4954133346127629
0.17458780321648018
0.34782465150911057
0.17458780321648018
0.2576424600507155
0.17458780321648018
0.17458780321648018
0.17458780321648018
0.3293417562928889
0.17458780321648018
0.2576424600507155
0.17458780321648018
0.17458780321648018
0.17458780321648018
0.22317382673381744
0.17458780321648018
0.48601573950449645
0.17458780321648018
0.36467163148695536
0.17458780321648018
0.17458780321648018
0.17458780321648018
0.697934510280663
0.17458780321648018
0.36467163148695536
0.17458780321648018
0.17458780321648018
0.17458780321648018
0.5459907853988815
0.22317382673381744
0.30874476805159207
0.17458780321648018
0.17458780321648018
0.17458780321648018
0.22317382673381744
0.17458780321648018
0.17458780321648018
0.17458780321648018
0.17458780321648018
0.17458780321648018
0.22317382673381744
0.17458780321648018
0.2852808502164285
0.17458780321648018
0.17458780321648018
0.17458780321648018
0.2576424600507155
0.17458780321648018
0.17458780321648018
0.17458780321648018
0.17458780321648018
0.17458780321648018
0.5132912908582317
0.17458780321648018
0.22317382673381744
0.17458780321648018
0.17458780321648018
0.17458780321648018
0.17458780321648018
0.17458780321648018
0.22317382673381744
0.17458780321648018
0.22317382673381744
0.17458780321648018
0.22317382673381744
0.17458780321648018
0.17458780321648018
0.17458780321648018
0.22317382673381744
0.17458780321648018
0.22317382673381744
0.17458780321648018
0.2576424600507155
0.17458780321648018
0.17458780321648018
0.17458780321648018
0.6448930349322806
0.17458780321648018
0.17458780321648018
0.17458780321648018
0.17458780321648018
0.17458780321648018
0.22317382673381744
0.17458780321648018
0.36467163148695536
0.17458780321648018
0.46615606589249975
0.22317382673381744
0.17458780321648018
0.17458780321648018
0.3293417562928889
0.17458780321648018
0.4762746281910704
0.17458780321648018
0.17458780321648018
0.17458780321648018
0.3802077579192464
0.17458780321648018
0.17458780321648018
0.17458780321648018
0.17458780321648018
0.17458780321648018
0.17458780321648018
0.17458780321648018
0.17458780321648018
0.17458780321648018
0.17458780321648018
0.17458780321648018
0.17458780321648018
0.17458780321648018
0.17458780321648018
0.17458780321648018
0.17458780321648018
0.17458780321648018
0.30874476805159207
0.17458780321648018
0.17458780321648018
0.17458780321648018
0.22317382673381744
0.17458780321648018
0.6024131123056006
0.17458780321648018
0.4762746281910704
0.17458780321648018
0.2576424600507155
0.17458780321648018
0.17458780321648018
0.17458780321648018
0.22317382673381744
0.17458780321648018
0.17458780321648018
0.17458780321648018
0.22317382673381744
0.17458780321648018
0.17458780321648018
0.17458780321648018
0.30874476805159207
0.17458780321648018
0.17458780321648018
0.17458780321648018
0.17458780321648018
0.17458780321648018
0.17458780321648018
0.17458780321648018
0.17458780321648018
0.17458780321648018
0.17458780321648018
0.17458780321648018
0.17458780321648018
0.17458780321648018
0.17458780321648018
0.17458780321648018
0.22317382673381744
0.17458780321648018
0.30874476805159207
0.17458780321648018
0.17458780321648018
0.17458780321648018
0.17458780321648018
0.17458780321648018
0.22317382673381744
0.17458780321648018
0.17458780321648018
0.17458780321648018
0.2852808502164285
0.17458780321648018
0.17458780321648018
0.17458780321648018
0.17458780321648018
0.17458780321648018
0.30874476805159207
0.17458780321648018
0.17458780321648018
0.17458780321648018
0.2852808502164285
0.17458780321648018
0.2852808502164285
0.17458780321648018
0.17458780321648018
0.17458780321648018
0.30874476805159207
0.17458780321648018
0.36467163148695536
0.17458780321648018
0.17458780321648018
0.17458780321648018
0.17458780321648018
0.17458780321648018
0.17458780321648018
0.17458780321648018
0.34782465150911057
0.17458780321648018
0.17458780321648018
0.17458780321648018
