3.1104629725032633
1.18472829371722
2.375146013204381
2.6339463397620353
1.6970594533534473
1.253505308688712
2.1064040275393348
2.971041641200807
1.4692832258923463
0.4918195100658597
1.809444870473529
0.703805656347385
1.5246251303104852
1.2966249312839364
1.3680981046378753
2.8724947199288993
1.2966249312839364
0.5240433353747963
0.9963221967725925
0.4918195100658597
0.9122719503234932
1.9715975661758354
1.1438309534591553
0.6858827674893149
1.3239425403346112
1.580295846933425
1.1259534368528041
0.6670369308348866
0.6572281643019668
0.6670369308348866
0.8551643016194725
1.0526158856079286
0.2206608226642475
2.260655080260244
1.1747526881072445
0.9917393201010629
1.0098392750258893
1.8242560098146332
1.1259534368528041
0.7452300429741309
1.1295714514148683
0.6367427554360714
0.6149424179684222
0.8611991555832034
1.1880187752856814
1.0885095422573074
0.7898485560384069
0.35751197047815286
1.0186657174583718
0.6670369308348866
1.0526158856079286
0.41170346746321146
0.7968399647942321
0.5084095973334916
0.2206608226642475
1.2681846240493662
0.6149424179684222
0.8171537577320964
0.3234460466900228
0.2206608226642475
0.7452300429741309
0.5240433353747963
0.6471372776256912
0.8902491807520362
0.434397580919196
1.092362968488439
0.8237190216102227
0.35751197047815286
0.5663692809764137
0.7755069680003835
0.9777470040663777
0.6471372776256912
0.8611991555832034
0.2206608226642475
0.5792365291307364
0.8551643016194725
0.9068598316262441
1.2475424458999553
0.7530142772897651
0.5240433353747963
0.7372904691984778
0.3234460466900228
0.5792365291307364
0.2206608226642475
0.3234460466900228
0.6765827453495118
0.4741092861716908
0.842849288684211
0.9229193894042644
0.45506482274776594
0.35751197047815286
0.5084095973334916
0.434397580919196
2.4867380678206477
1.3021746336010944
1.2739681857842633
0.45506482274776594
0.41170346746321146
0.28087165310516005
1.7667166712086533
0.703805656347385
0.41170346746321146
0.4918195100658597
0.6765827453495118
0.552929900217515
3.102326929967183
0.5663692809764137
0.3863875065129026
0.8037183356927385
0.9384719516683298
0.7452300429741309
1.4469215872246035
0.4918195100658597
0.3234460466900228
0.9013865335602986
0.3234460466900228
0.3863875065129026
1.0142704784190775
0.5792365291307364
0.41170346746321146
0.538849164920027
0.45506482274776594
0.9384719516683298
0.5915896035349347
0.5084095973334916
0.5240433353747963
0.7898485560384069
0.4918195100658597
0.2206608226642475
0.5792365291307364
0.6670369308348866
0.2206608226642475
0.35751197047815286
0.5084095973334916
0.45506482274776594
1.147344248566655
0.6949524272579828
0.6670369308348866
0.5915896035349347
0.2206608226642475
0.434397580919196
0.4741092861716908
0.6572281643019668
0.5084095973334916
0.41170346746321146
0.3234460466900228
0.4918195100658597
0.28087165310516005
0.552929900217515
0.35751197047815286
0.5240433353747963
0.2206608226642475
0.2206608226642475
0.3234460466900228
0.28087165310516005
0.8365633679143916
0.7124550814420784
0.4918195100658597
0.7968399647942321
0.28087165310516005
0.41170346746321146
0.810488187992426
0.5240433353747963
0.6034775786283064
0.28087165310516005
0.5240433353747963
0.41170346746321146
0.6367427554360714
1.197789210087846
0.41170346746321146
0.3863875065129026
0.760650649716807
0.3234460466900228
0.28087165310516005
0.5240433353747963
0.45506482274776594
0.5792365291307364
0.3863875065129026
0.3234460466900228
1.334579500704098
1.0230257226967332
0.2206608226642475
0.45506482274776594
0.7681460762934734
0.552929900217515
1.0484839152705392
0.5084095973334916
0.2206608226642475
0.6367427554360714
0.2206608226642475
0.4741092861716908
1.000865928673775
0.5240433353747963
0.28087165310516005
0.6858827674893149
0.6367427554360714
0.6670369308348866
0.6034775786283064
0.3863875065129026
0.2206608226642475
0.3234460466900228
0.6367427554360714
0.6949524272579828
0.3234460466900228
0.434397580919196
0.35751197047815286
0.41170346746321146
0.538849164920027
0.3863875065129026
0.982452637288533
0.4741092861716908
0.2206608226642475
0.35751197047815286
0.6471372776256912
0.35751197047815286
0.35751197047815286
0.6149424179684222
0.28087165310516005
0.3863875065129026
0.2206608226642475
0.41170346746321146
0.28087165310516005
0.28087165310516005
0.2206608226642475
0.2206608226642475
0.2206608226642475
1.0961911025296556
0.28087165310516005
0.35751197047815286
0.8671558286422341
0.5240433353747963
0.41170346746321146
0.5915896035349347
0.2206608226642475
0.35751197047815286
0.28087165310516005
0.28087165310516005
0.35751197047815286
0.41170346746321146
1.0359012942529746
0.6858827674893149
0.4918195100658597
0.35751197047815286
0.8490486130873224
0.4741092861716908
0.35751197047815286
0.3863875065129026
0.35751197047815286
0.3863875065129026
0.3863875065129026
0.35751197047815286
0.5915896035349347
0.538849164920027
1.2231396332647728
0.45506482274776594
0.6149424179684222
0.9281578968903332
0.552929900217515
0.9435502990796352
0.2206608226642475
0.35751197047815286
0.2206608226642475
0.434397580919196
0.6034775786283064
0.28087165310516005
1.147344248566655
0.4741092861716908
0.6149424179684222
0.28087165310516005
2.6153542082664067
0.6765827453495118
0.4918195100658597
0.7898485560384069
0.3863875065129026
0.5663692809764137
0.4918195100658597
0.6572281643019668
0.7968399647942321
0.28087165310516005
0.41170346746321146
0.5240433353747963
0.434397580919196
0.28087165310516005
0.2206608226642475
0.35751197047815286
0.28087165310516005
0.7681460762934734
0.6572281643019668
0.4918195100658597
0.6471372776256912
0.5792365291307364
0.982452637288533
0.35751197047815286
0.5240433353747963
0.4918195100658597
0.8365633679143916
0.6034775786283064
0.703805656347385
0.2206608226642475
0.35751197047815286
0.3234460466900228
0.2206608226642475
0.5084095973334916
0.45506482274776594
0.28087165310516005
0.41170346746321146
0.3863875065129026
0.4918195100658597
0.45506482274776594
0.2206608226642475
0.3234460466900228
0.7209121868356047
0.3234460466900228
0.2206608226642475
0.41170346746321146
0.2206608226642475
0.7681460762934734
0.2206608226642475
0.28087165310516005
0.35751197047815286
0.2206608226642475
0.28087165310516005
0.3234460466900228
0.45506482274776594
0.538849164920027
0.434397580919196
0.41170346746321146
0.3863875065129026
0.2206608226642475
0.3234460466900228
0.3234460466900228
0.7827392801942088
0.5084095973334916
0.2206608226642475
0.3863875065129026
0.3863875065129026
0.35751197047815286
0.552929900217515
0.45506482274776594
1.3904316545445345
0.6670369308348866
0.7968399647942321
0.28087165310516005
0.2206608226642475
0.434397580919196
0.6034775786283064
0.41170346746321146
0.2206608226642475
0.28087165310516005
0.6149424179684222
0.5915896035349347
0.3234460466900228
0.3863875065129026
0.5240433353747963
0.35751197047815286
0.45506482274776594
0.2206608226642475
0.2206608226642475
0.35751197047815286
0.28087165310516005
0.35751197047815286
1.3424542284835224
0.4918195100658597
0.2206608226642475
0.41170346746321146
0.41170346746321146
0.538849164920027
0.2206608226642475
0.28087165310516005
0.2206608226642475
0.3863875065129026
0.4741092861716908
0.2206608226642475
0.6260203200264318
0.3863875065129026
0.552929900217515
0.7968399647942321
0.2206608226642475
0.28087165310516005
0.6367427554360714
0.2206608226642475
0.28087165310516005
0.3234460466900228
0.9917393201010629
0.35751197047815286
0.2206608226642475
0.35751197047815286
0.41170346746321146
0.434397580919196
0.2206608226642475
0.28087165310516005
0.3234460466900228
0.6149424179684222
0.760650649716807
0.3234460466900228
1.0648330466475953
0.6260203200264318
0.5240433353747963
0.2206608226642475
1.1295714514148683
0.35751197047815286
0.6034775786283064
0.28087165310516005
0.5663692809764137
0.41170346746321146
0.28087165310516005
0.41170346746321146
0.434397580919196
0.3863875065129026
0.552929900217515
0.2206608226642475
0.9176245933255993
0.3863875065129026
0.6765827453495118
0.2206608226642475
0.4918195100658597
0.2206608226642475
0.2206608226642475
0.3863875065129026
0.41170346746321146
0.4741092861716908
0.434397580919196
0.3863875065129026
0.2206608226642475
0.28087165310516005
0.2206608226642475
0.41170346746321146
0.35751197047815286
0.2206608226642475
0.2206608226642475
0.41170346746321146
1.1223135164366593
0.434397580919196
0.28087165310516005
0.45506482274776594
0.8958502727230208
0.6949524272579828
1.0142704784190775
0.434397580919196
0.45506482274776594
0.434397580919196
0.35751197047815286
0.538849164920027
1.05671769926024
0.3863875065129026
0.2206608226642475
0.3234460466900228
0.3863875065129026
0.28087165310516005
0.28087165310516005
0.28087165310516005
0.2206608226642475
0.434397580919196
0.2206608226642475
0.5663692809764137
0.3234460466900228
0.2206608226642475
0.4918195100658597
0.3234460466900228
0.3234460466900228
0.35751197047815286
0.2206608226642475
0.28087165310516005
0.6260203200264318
0.35751197047815286
0.41170346746321146
0.41170346746321146
0.3863875065129026
0.538849164920027
0.8490486130873224
0.41170346746321146
0.35751197047815286
0.4741092861716908
0.552929900217515
0.434397580919196
0.7968399647942321
0.45506482274776594
0.45506482274776594
0.35751197047815286
0.434397580919196
0.3234460466900228
0.3863875065129026
0.45506482274776594
0.9871164326631059
0.2206608226642475
0.28087165310516005
0.2206608226642475
0.2206608226642475
0.35751197047815286
0.8365633679143916
0.2206608226642475
0.6471372776256912
0.434397580919196
0.3234460466900228
0.2206608226642475
1.1438309534591553
0.4741092861716908
0.2206608226642475
0.35751197047815286
0.28087165310516005
0.28087165310516005
0.28087165310516005
0.2206608226642475
0.45506482274776594
0.4741092861716908
0.3863875065129026
0.2206608226642475
0.28087165310516005
0.5240433353747963
0.703805656347385
0.434397580919196
0.4741092861716908
0.28087165310516005
1.238496771440754
0.4918195100658597
0.6471372776256912
0.28087165310516005
0.2206608226642475
0.2206608226642475
0.5915896035349347
0.28087165310516005
0.3234460466900228
0.2206608226642475
0.2206608226642475
0.35751197047815286
0.2206608226642475
0.3863875065129026
0.2206608226642475
0.6149424179684222
0.2206608226642475
0.3234460466900228
0.28087165310516005
0.3234460466900228
1.2505305336988763
0.2206608226642475
0.5663692809764137
0.28087165310516005
0.4918195100658597
0.45506482274776594
0.4741092861716908
0.41170346746321146
0.434397580919196
0.35751197047815286
0.45506482274776594
0.3863875065129026
0.3234460466900228
0.3863875065129026
0.41170346746321146
0.3234460466900228
0.2206608226642475
0.28087165310516005
0.9013865335602986
0.2206608226642475
1.0846303960669688
0.5084095973334916
1.0767931736091179
0.552929900217515
0.3234460466900228
0.2206608226642475
0.8958502727230208
0.28087165310516005
0.5084095973334916
0.2206608226642475
0.6034775786283064
0.3234460466900228
0.8845812986494367
0.4918195100658597
0.2206608226642475
0.41170346746321146
0.2206608226642475
0.2206608226642475
0.6670369308348866
0.4741092861716908
0.28087165310516005
0.2206608226642475
0.35751197047815286
0.4741092861716908
0.2206608226642475
0.35751197047815286
0.4741092861716908
0.5792365291307364
0.552929900217515
0.3863875065129026
0.2206608226642475
0.28087165310516005
0.6034775786283064
0.3234460466900228
0.41170346746321146
0.35751197047815286
0.3234460466900228
0.2206608226642475
0.2206608226642475
0.28087165310516005
0.8037183356927385
0.45506482274776594
0.2206608226642475
0.4918195100658597
0.41170346746321146
0.28087165310516005
0.2206608226642475
0.41170346746321146
0.28087165310516005
0.2206608226642475
0.28087165310516005
0.3234460466900228
0.3234460466900228
0.28087165310516005
0.3234460466900228
0.3863875065129026
0.2206608226642475
0.35751197047815286
1.271082565777028
0.5084095973334916
0.41170346746321146
0.2206608226642475
0.2206608226642475
0.2206608226642475
0.3234460466900228
0.45506482274776594
0.3234460466900228
0.3234460466900228
0.28087165310516005
0.5084095973334916
0.2206608226642475
0.2206608226642475
0.3234460466900228
0.2206608226642475
0.8237190216102227
0.41170346746321146
0.41170346746321146
0.28087165310516005
0.2206608226642475
0.28087165310516005
0.7452300429741309
0.28087165310516005
0.3234460466900228
0.3863875065129026
0.2206608226642475
0.3234460466900228
0.7530142772897651
0.5084095973334916
0.7124550814420784
0.3863875065129026
1.1367430790464985
0.3234460466900228
0.2206608226642475
0.3863875065129026
0.2206608226642475
0.28087165310516005
0.7452300429741309
0.2206608226642475
0.538849164920027
0.35751197047815286
0.2206608226642475
0.6367427554360714
0.2206608226642475
0.3863875065129026
0.45506482274776594
0.5084095973334916
0.8551643016194725
0.552929900217515
0.3234460466900228
0.28087165310516005
0.3863875065129026
0.2206608226642475
0.2206608226642475
0.3863875065129026
0.538849164920027
0.41170346746321146
0.35751197047815286
0.28087165310516005
0.2206608226642475
0.35751197047815286
0.2206608226642475
0.28087165310516005
0.3234460466900228
0.4918195100658597
0.3234460466900228
0.434397580919196
0.6367427554360714
0.2206608226642475
0.2206608226642475
0.2206608226642475
0.7291874520831666
0.4741092861716908
0.28087165310516005
0.3234460466900228
0.7209121868356047
0.41170346746321146
0.3234460466900228
0.3234460466900228
0.2206608226642475
0.2206608226642475
0.28087165310516005
0.3234460466900228
0.4741092861716908
0.5240433353747963
0.2206608226642475
0.3234460466900228
0.2206608226642475
0.3234460466900228
0.35751197047815286
0.2206608226642475
1.2623512362682099
0.5240433353747963
0.2206608226642475
0.35751197047815286
0.2206608226642475
0.28087165310516005
0.3863875065129026
0.2206608226642475
0.3863875065129026
0.28087165310516005
0.4741092861716908
0.434397580919196
0.35751197047815286
0.2206608226642475
0.3863875065129026
0.2206608226642475
0.3234460466900228
0.3234460466900228
0.9777470040663777
0.28087165310516005
0.35751197047815286
0.28087165310516005
0.2206608226642475
0.35751197047815286
0.35751197047815286
0.3234460466900228
0.9384719516683298
0.4741092861716908
0.2206608226642475
0.28087165310516005
1.05671769926024
0.28087165310516005
0.4918195100658597
0.2206608226642475
0.2206608226642475
0.2206608226642475
0.2206608226642475
0.3234460466900228
0.3234460466900228
0.552929900217515
0.2206608226642475
0.2206608226642475
0.2206608226642475
0.28087165310516005
0.953556211735104
0.3863875065129026
0.9333416078017669
0.28087165310516005
0.538849164920027
0.28087165310516005
0.8611991555832034
0.4741092861716908
0.2206608226642475
0.434397580919196
0.2206608226642475
0.28087165310516005
0.3234460466900228
0.434397580919196
0.434397580919196
0.2206608226642475
0.3863875065129026
0.28087165310516005
0.28087165310516005
0.28087165310516005
0.6670369308348866
0.35751197047815286
0.2206608226642475
0.2206608226642475
0.2206608226642475
0.3863875065129026
0.35751197047815286
0.28087165310516005
0.3863875065129026
0.41170346746321146
0.2206608226642475
0.2206608226642475
0.2206608226642475
0.45506482274776594
0.35751197047815286
0.41170346746321146
0.3234460466900228
0.2206608226642475
0.2206608226642475
0.2206608226642475
0.3863875065129026
0.2206608226642475
0.28087165310516005
0.2206608226642475
0.2206608226642475
0.41170346746321146
0.6367427554360714
0.35751197047815286
0.2206608226642475
0.28087165310516005
0.2206608226642475
0.2206608226642475
0.2206608226642475
0.3234460466900228
0.6260203200264318
0.2206608226642475
0.434397580919196
0.434397580919196
0.4741092861716908
0.2206608226642475
0.6034775786283064
0.3234460466900228
0.2206608226642475
0.35751197047815286
0.7530142772897651
0.41170346746321146
0.2206608226642475
0.2206608226642475
0.2206608226642475
0.28087165310516005
0.2206608226642475
0.3234460466900228
0.3234460466900228
0.28087165310516005
0.2206608226642475
0.35751197047815286
0.28087165310516005
0.2206608226642475
1.241525721026267
0.3234460466900228
0.2206608226642475
0.28087165310516005
0.28087165310516005
0.28087165310516005
0.2206608226642475
0.28087165310516005
0.2206608226642475
0.2206608226642475
0.28087165310516005
0.2206608226642475
0.28087165310516005
0.28087165310516005
0.6765827453495118
0.3863875065129026
0.2206608226642475
0.3863875065129026
0.2206608226642475
0.2206608226642475
0.9435502990796352
0.434397580919196
0.6034775786283064
0.434397580919196
0.2206608226642475
0.41170346746321146
0.2206608226642475
0.2206608226642475
0.982452637288533
0.434397580919196
0.4741092861716908
0.2206608226642475
0.28087165310516005
0.434397580919196
0.3863875065129026
0.28087165310516005
0.28087165310516005
0.28087165310516005
0.45506482274776594
0.2206608226642475
0.434397580919196
0.3234460466900228
0.3234460466900228
0.28087165310516005
0.2206608226642475
0.41170346746321146
2.4826176799992856
0.3863875065129026
0.3234460466900228
0.3863875065129026
0.9682063306115347
0.3863875065129026
0.35751197047815286
0.28087165310516005
0.2206608226642475
0.28087165310516005
0.2206608226642475
0.2206608226642475
0.3234460466900228
0.2206608226642475
0.6471372776256912
0.28087165310516005
0.4741092861716908
0.3234460466900228
0.28087165310516005
0.35751197047815286
0.2206608226642475
0.3234460466900228
0.8490486130873224
0.28087165310516005
0.2206608226642475
0.538849164920027
0.434397580919196
0.35751197047815286
0.2206608226642475
0.3863875065129026
0.6149424179684222
0.538849164920027
0.41170346746321146
0.41170346746321146
0.2206608226642475
0.35751197047815286
0.41170346746321146
0.2206608226642475
0.5663692809764137
0.2206608226642475
0.3863875065129026
0.2206608226642475
0.434397580919196
0.28087165310516005
0.2206608226642475
0.3234460466900228
0.3863875065129026
0.2206608226642475
1.147344248566655
0.3234460466900228
0.2206608226642475
0.4741092861716908
0.28087165310516005
0.28087165310516005
0.2206608226642475
0.28087165310516005
0.35751197047815286
0.41170346746321146
0.2206608226642475
0.5084095973334916
0.28087165310516005
0.28087165310516005
0.2206608226642475
0.2206608226642475
0.28087165310516005
0.2206608226642475
0.35751197047815286
0.2206608226642475
0.2206608226642475
0.3234460466900228
0.2206608226642475
0.3863875065129026
0.2206608226642475
0.3234460466900228
0.2206608226642475
0.2206608226642475
0.2206608226642475
0.28087165310516005
0.4918195100658597
0.41170346746321146
0.2206608226642475
0.2206608226642475
0.6471372776256912
0.28087165310516005
0.2206608226642475
0.2206608226642475
0.2206608226642475
0.3234460466900228
0.2206608226642475
0.28087165310516005
0.842849288684211
0.3234460466900228
0.2206608226642475
0.28087165310516005
0.538849164920027
0.28087165310516005
0.2206608226642475
0.2206608226642475
0.5084095973334916
0.2206608226642475
0.28087165310516005
0.28087165310516005
0.2206608226642475
0.28087165310516005
0.4918195100658597
0.28087165310516005
0.3234460466900228
0.2206608226642475
0.4741092861716908
0.2206608226642475
0.2206608226642475
0.35751197047815286
0.434397580919196
0.28087165310516005
0.28087165310516005
0.35751197047815286
0.2206608226642475
0.2206608226642475
0.9176245933255993
0.2206608226642475
0.5792365291307364
0.2206608226642475
0.28087165310516005
0.35751197047815286
0.9777470040663777
0.4741092861716908
0.2206608226642475
0.28087165310516005
0.28087165310516005
0.28087165310516005
0.7372904691984778
0.2206608226642475
0.2206608226642475
0.3234460466900228
0.8845812986494367
0.3234460466900228
0.5084095973334916
0.2206608226642475
1.0807250904132442
0.28087165310516005
0.2206608226642475
0.4918195100658597
0.3234460466900228
0.2206608226642475
0.35751197047815286
0.28087165310516005
0.28087165310516005
0.3234460466900228
0.2206608226642475
0.2206608226642475
0.8301877183573696
0.35751197047815286
0.2206608226642475
0.2206608226642475
0.8551643016194725
0.538849164920027
0.2206608226642475
0.28087165310516005
0.3234460466900228
0.28087165310516005
0.28087165310516005
0.2206608226642475
0.2206608226642475
0.28087165310516005
0.41170346746321146
0.2206608226642475
0.3234460466900228
0.2206608226642475
0.28087165310516005
0.2206608226642475
0.2206608226642475
0.2206608226642475
0.28087165310516005
0.28087165310516005
0.5084095973334916
0.28087165310516005
0.6471372776256912
0.28087165310516005
0.35751197047815286
0.4741092861716908
0.2206608226642475
0.41170346746321146
0.4918195100658597
0.2206608226642475
0.552929900217515
0.3863875065129026
0.2206608226642475
0.28087165310516005
0.28087165310516005
0.2206608226642475
0.6367427554360714
0.28087165310516005
0.28087165310516005
0.28087165310516005
0.434397580919196
0.3234460466900228
0.2206608226642475
0.28087165310516005
0.3863875065129026
0.3234460466900228
0.2206608226642475
0.434397580919196
0.434397580919196
0.434397580919196
0.2206608226642475
0.2206608226642475
0.3234460466900228
0.35751197047815286
0.35751197047815286
0.2206608226642475
0.3863875065129026
0.2206608226642475
0.6367427554360714
0.41170346746321146
1.1402973305201576
0.538849164920027
0.2206608226642475
0.3863875065129026
0.2206608226642475
0.2206608226642475
0.6367427554360714
0.28087165310516005
0.2206608226642475
0.28087165310516005
0.2206608226642475
0.2206608226642475
0.28087165310516005
0.2206608226642475
0.5792365291307364
0.35751197047815286
0.2206608226642475
0.28087165310516005
0.4918195100658597
0.2206608226642475
0.7530142772897651
0.41170346746321146
0.3234460466900228
0.3863875065129026
0.6858827674893149
0.28087165310516005
0.3234460466900228
0.28087165310516005
0.2206608226642475
0.35751197047815286
0.5915896035349347
0.2206608226642475
0.2206608226642475
0.2206608226642475
0.35751197047815286
0.2206608226642475
0.35751197047815286
0.28087165310516005
0.3234460466900228
0.28087165310516005
0.2206608226642475
0.28087165310516005
0.3234460466900228
0.2206608226642475
0.28087165310516005
0.3234460466900228
0.2206608226642475
0.28087165310516005
0.28087165310516005
0.3863875065129026
0.2206608226642475
0.3863875065129026
0.3234460466900228
0.3234460466900228
0.3234460466900228
0.2206608226642475
0.6367427554360714
0.28087165310516005
0.3863875065129026
0.2206608226642475
0.2206608226642475
0.2206608226642475
0.35751197047815286
0.2206608226642475
0.5240433353747963
0.28087165310516005
0.8365633679143916
0.28087165310516005
0.35751197047815286
0.3234460466900228
0.3234460466900228
0.28087165310516005
0.2206608226642475
0.2206608226642475
0.2206608226642475
0.2206608226642475
0.2206608226642475
0.45506482274776594
0.2206608226642475
0.2206608226642475
0.2206608226642475
0.2206608226642475
0.45506482274776594
0.28087165310516005
0.28087165310516005
0.28087165310516005
0.6149424179684222
0.3234460466900228
0.4741092861716908
0.3234460466900228
0.2206608226642475
0.28087165310516005
0.2206608226642475
0.3234460466900228
0.2206608226642475
0.2206608226642475
0.5915896035349347
0.28087165310516005
0.2206608226642475
0.28087165310516005
0.3234460466900228
0.28087165310516005
0.7530142772897651
0.2206608226642475
1.0273512011527866
0.5663692809764137
0.35751197047815286
0.2206608226642475
0.3863875065129026
0.35751197047815286
0.2206608226642475
0.2206608226642475
0.2206608226642475
0.2206608226642475
0.2206608226642475
0.2206608226642475
1.1577650706177607
0.5240433353747963
0.2206608226642475
0.2206608226642475
0.41170346746321146
0.2206608226642475
0.2206608226642475
0.3863875065129026
0.2206608226642475
0.28087165310516005
0.28087165310516005
0.3234460466900228
0.6572281643019668
0.2206608226642475
0.4918195100658597
0.2206608226642475
0.6260203200264318
0.2206608226642475
0.2206608226642475
0.35751197047815286
0.2206608226642475
0.28087165310516005
0.2206608226642475
0.3234460466900228
0.35751197047815286
0.3234460466900228
0.3234460466900228
0.2206608226642475
0.6260203200264318
0.41170346746321146
0.434397580919196
0.2206608226642475
0.7372904691984778
0.2206608226642475
0.28087165310516005
0.2206608226642475
0.5915896035349347
0.28087165310516005
0.41170346746321146
0.2206608226642475
0.28087165310516005
0.2206608226642475
1.0186657174583718
0.28087165310516005
0.3234460466900228
0.2206608226642475
0.2206608226642475
0.2206608226642475
0.41170346746321146
0.35751197047815286
0.35751197047815286
0.2206608226642475
0.3863875065129026
0.2206608226642475
0.28087165310516005
0.28087165310516005
0.2206608226642475
0.4741092861716908
0.28087165310516005
0.28087165310516005
0.7827392801942088
0.3234460466900228
0.2206608226642475
0.28087165310516005
0.2206608226642475
0.2206608226642475
0.2206608226642475
0.2206608226642475
1.0999943608425429
0.538849164920027
0.3863875065129026
0.28087165310516005
0.2206608226642475
0.2206608226642475
0.2206608226642475
0.28087165310516005
0.35751197047815286
0.2206608226642475
0.28087165310516005
0.2206608226642475
0.28087165310516005
0.35751197047815286
0.35751197047815286
0.28087165310516005
0.434397580919196
0.28087165310516005
0.2206608226642475
0.2206608226642475
0.2206608226642475
0.2206608226642475
0.2206608226642475
0.41170346746321146
0.2206608226642475
0.28087165310516005
0.35751197047815286
0.28087165310516005
0.3863875065129026
0.434397580919196
0.2206608226642475
0.45506482274776594
0.2206608226642475
0.2206608226642475
0.2206608226642475
0.3234460466900228
0.3863875065129026
0.434397580919196
0.2206608226642475
0.2206608226642475
0.2206608226642475
0.2206608226642475
0.6149424179684222
0.28087165310516005
0.703805656347385
0.2206608226642475
0.2206608226642475
0.28087165310516005
0.2206608226642475
0.2206608226642475
0.2206608226642475
0.35751197047815286
0.2206608226642475
0.35751197047815286
0.3234460466900228
0.28087165310516005
0.3234460466900228
0.28087165310516005
0.28087165310516005
0.2206608226642475
0.2206608226642475
0.2206608226642475
0.2206608226642475
0.2206608226642475
0.2206608226642475
0.28087165310516005
0.2206608226642475
0.41170346746321146
0.552929900217515
0.35751197047815286
0.434397580919196
0.28087165310516005
0.4918195100658597
0.28087165310516005
0.45506482274776594
0.28087165310516005
0.2206608226642475
0.35751197047815286
0.5792365291307364
0.28087165310516005
0.7827392801942088
0.2206608226642475
0.7209121868356047
0.41170346746321146
0.2206608226642475
0.2206608226642475
0.3234460466900228
0.2206608226642475
0.41170346746321146
0.28087165310516005
0.2206608226642475
0.28087165310516005
0.2206608226642475
0.2206608226642475
0.2206608226642475
0.28087165310516005
0.2206608226642475
0.434397580919196
0.2206608226642475
0.2206608226642475
0.2206608226642475
0.28087165310516005
0.28087165310516005
0.3863875065129026
0.2206608226642475
0.3234460466900228
0.28087165310516005
0.28087165310516005
1.2623512362682099
0.3234460466900228
0.28087165310516005
0.3863875065129026
0.2206608226642475
0.3234460466900228
0.2206608226642475
0.2206608226642475
0.3234460466900228
0.2206608226642475
0.2206608226642475
0.28087165310516005
0.2206608226642475
0.28087165310516005
0.8671558286422341
0.35751197047815286
0.2206608226642475
0.35751197047815286
0.2206608226642475
0.2206608226642475
0.35751197047815286
0.28087165310516005
0.4741092861716908
0.3234460466900228
0.2206608226642475
0.3234460466900228
0.2206608226642475
0.28087165310516005
0.45506482274776594
0.28087165310516005
0.6949524272579828
0.3863875065129026
0.2206608226642475
0.2206608226642475
0.2206608226642475
0.2206608226642475
0.434397580919196
0.2206608226642475
0.3863875065129026
0.2206608226642475
0.2206608226642475
0.2206608226642475
0.3863875065129026
0.2206608226642475
0.2206608226642475
0.2206608226642475
0.28087165310516005
0.2206608226642475
0.2206608226642475
0.3234460466900228
0.2206608226642475
0.3234460466900228
0.28087165310516005
0.2206608226642475
0.2206608226642475
0.2206608226642475
0.28087165310516005
0.2206608226642475
0.2206608226642475
0.28087165310516005
0.2206608226642475
0.2206608226642475
0.28087165310516005
0.2206608226642475
0.28087165310516005
0.2206608226642475
0.41170346746321146
0.2206608226642475
0.2206608226642475
0.2206608226642475
0.2206608226642475
0.2206608226642475
0.5792365291307364
0.2206608226642475
0.35751197047815286
0.6260203200264318
0.2206608226642475
0.3234460466900228
0.2206608226642475
0.3234460466900228
0.35751197047815286
0.3234460466900228
0.2206608226642475
0.2206608226642475
0.4918195100658597
0.2206608226642475
0.5084095973334916
0.28087165310516005
0.2206608226642475
0.2206608226642475
0.2206608226642475
0.2206608226642475
0.3234460466900228
0.2206608226642475
0.9777470040663777
0.2206608226642475
0.538849164920027
0.41170346746321146
0.2206608226642475
0.2206608226642475
0.35751197047815286
0.2206608226642475
1.0273512011527866
0.41170346746321146
0.2206608226642475
0.2206608226642475
0.2206608226642475
0.2206608226642475
0.3234460466900228
0.2206608226642475
0.2206608226642475
0.2206608226642475
0.3863875065129026
0.35751197047815286
0.538849164920027
0.28087165310516005
0.2206608226642475
0.3234460466900228
0.28087165310516005
0.3234460466900228
0.2206608226642475
0.3234460466900228
0.41170346746321146
0.2206608226642475
0.3863875065129026
0.28087165310516005
0.28087165310516005
0.2206608226642475
0.28087165310516005
0.28087165310516005
0.3234460466900228
0.28087165310516005
0.28087165310516005
0.434397580919196
0.35751197047815286
0.2206608226642475
0.2206608226642475
0.2206608226642475
0.2206608226642475
0.2206608226642475
0.2206608226642475
0.35751197047815286
0.2206608226642475
0.28087165310516005
0.3234460466900228
0.2206608226642475
0.3234460466900228
0.28087165310516005
0.2206608226642475
0.2206608226642475
0.28087165310516005
0.2206608226642475
0.28087165310516005
0.28087165310516005
0.2206608226642475
0.2206608226642475
0.434397580919196
0.28087165310516005
0.2206608226642475
0.2206608226642475
0.2206608226642475
0.35751197047815286
0.2206608226642475
0.3234460466900228
0.6034775786283064
0.2206608226642475
0.6149424179684222
0.35751197047815286
0.28087165310516005
0.2206608226642475
0.41170346746321146
0.2206608226642475
0.4741092861716908
0.2206608226642475
0.28087165310516005
0.28087165310516005
0.4741092861716908
0.28087165310516005
0.2206608226642475
0.28087165310516005
0.2206608226642475
0.2206608226642475
0.7530142772897651
0.41170346746321146
0.2206608226642475
0.2206608226642475
0.35751197047815286
0.35751197047815286
0.2206608226642475
0.2206608226642475
0.41170346746321146
0.35751197047815286
0.538849164920027
0.2206608226642475
0.35751197047815286
0.2206608226642475
0.3863875065129026
0.2206608226642475
0.5915896035349347
0.28087165310516005
0.35751197047815286
0.28087165310516005
0.41170346746321146
0.35751197047815286
0.2206608226642475
0.28087165310516005
0.3863875065129026
0.434397580919196
0.2206608226642475
0.2206608226642475
0.35751197047815286
0.2206608226642475
0.2206608226642475
0.2206608226642475
0.41170346746321146
0.3234460466900228
0.2206608226642475
0.2206608226642475
0.28087165310516005
0.2206608226642475
0.2206608226642475
0.2206608226642475
0.3234460466900228
0.28087165310516005
0.35751197047815286
0.28087165310516005
0.2206608226642475
0.2206608226642475
0.2206608226642475
0.3863875065129026
0.4741092861716908
0.28087165310516005
0.552929900217515
0.35751197047815286
0.2206608226642475
0.2206608226642475
0.3234460466900228
0.3234460466900228
0.2206608226642475
0.2206608226642475
0.2206608226642475
0.28087165310516005
0.2206608226642475
0.28087165310516005
0.28087165310516005
0.2206608226642475
0.3234460466900228
0.2206608226642475
0.5915896035349347
0.2206608226642475
0.2206608226642475
0.35751197047815286
0.2206608226642475
0.3863875065129026
0.2206608226642475
0.28087165310516005
0.2206608226642475
0.2206608226642475
0.41170346746321146
0.3234460466900228
0.2206608226642475
0.2206608226642475
0.5240433353747963
0.28087165310516005
0.2206608226642475
0.2206608226642475
1.0885095422573074
0.28087165310516005
0.35751197047815286
0.3234460466900228
0.2206608226642475
0.2206608226642475
0.3234460466900228
0.3234460466900228
0.2206608226642475
0.28087165310516005
0.6572281643019668
0.28087165310516005
0.41170346746321146
0.28087165310516005
0.2206608226642475
0.2206608226642475
0.35751197047815286
0.3234460466900228
0.28087165310516005
0.2206608226642475
0.3863875065129026
0.2206608226642475
0.2206608226642475
0.2206608226642475
0.2206608226642475
0.2206608226642475
0.45506482274776594
0.2206608226642475
0.6367427554360714
0.2206608226642475
0.28087165310516005
0.28087165310516005
0.2206608226642475
0.3234460466900228
0.2206608226642475
0.2206608226642475
1.3212581522154383
0.2206608226642475
0.552929900217515
0.28087165310516005
0.2206608226642475
0.2206608226642475
0.28087165310516005
0.2206608226642475
0.3234460466900228
0.2206608226642475
0.2206608226642475
0.2206608226642475
0.45506482274776594
0.28087165310516005
0.2206608226642475
0.2206608226642475
0.28087165310516005
0.3863875065129026
0.2206608226642475
0.2206608226642475
0.28087165310516005
0.28087165310516005
0.28087165310516005
0.28087165310516005
0.2206608226642475
0.2206608226642475
0.6765827453495118
0.2206608226642475
0.2206608226642475
0.2206608226642475
0.2206608226642475
0.2206608226642475
0.28087165310516005
0.2206608226642475
0.28087165310516005
0.28087165310516005
0.7827392801942088
0.2206608226642475
0.41170346746321146
0.28087165310516005
0.2206608226642475
0.28087165310516005
0.2206608226642475
0.28087165310516005
0.28087165310516005
0.2206608226642475
0.2206608226642475
0.2206608226642475
0.2206608226642475
0.28087165310516005
0.3234460466900228
0.3234460466900228
0.6367427554360714
0.28087165310516005
0.3234460466900228
0.2206608226642475
0.3863875065129026
0.2206608226642475
0.2206608226642475
0.2206608226642475
0.28087165310516005
0.2206608226642475
0.28087165310516005
0.3234460466900228
0.2206608226642475
0.3234460466900228
0.2206608226642475
0.28087165310516005
0.2206608226642475
0.2206608226642475
0.35751197047815286
0.28087165310516005
0.2206608226642475
0.2206608226642475
0.2206608226642475
0.2206608226642475
0.2206608226642475
0.3863875065129026
0.6572281643019668
0.2206608226642475
0.35751197047815286
0.2206608226642475
0.2206608226642475
0.28087165310516005
0.28087165310516005
0.2206608226642475
0.2206608226642475
0.28087165310516005
0.3234460466900228
0.28087165310516005
0.2206608226642475
0.2206608226642475
0.6149424179684222
0.28087165310516005
0.2206608226642475
0.28087165310516005
0.2206608226642475
0.2206608226642475
0.3234460466900228
0.3234460466900228
0.2206608226642475
0.2206608226642475
0.2206608226642475
0.2206608226642475
0.2206608226642475
0.2206608226642475
0.2206608226642475
0.28087165310516005
0.45506482274776594
0.28087165310516005
0.28087165310516005
0.3234460466900228
0.2206608226642475
0.28087165310516005
0.45506482274776594
0.2206608226642475
0.2206608226642475
0.2206608226642475
0.35751197047815286
0.28087165310516005
0.810488187992426
0.28087165310516005
0.35751197047815286
0.2206608226642475
0.2206608226642475
0.2206608226642475
0.2206608226642475
0.28087165310516005
0.2206608226642475
0.2206608226642475
0.2206608226642475
0.2206608226642475
0.2206608226642475
0.2206608226642475
0.2206608226642475
0.2206608226642475
0.2206608226642475
0.2206608226642475
0.2206608226642475
0.2206608226642475
0.3863875065129026
0.2206608226642475
0.3863875065129026
0.28087165310516005
0.41170346746321146
0.35751197047815286
0.538849164920027
0.28087165310516005
0.2206608226642475
0.2206608226642475
0.35751197047815286
0.2206608226642475
0.35751197047815286
0.2206608226642475
0.6949524272579828
0.2206608226642475
0.6670369308348866
0.2206608226642475
0.2206608226642475
0.2206608226642475
0.3234460466900228
0.2206608226642475
0.2206608226642475
0.2206608226642475
0.2206608226642475
0.3234460466900228
0.2206608226642475
0.2206608226642475
0.28087165310516005
0.28087165310516005
0.6034775786283064
0.3234460466900228
0.2206608226642475
0.3234460466900228
0.2206608226642475
0.3234460466900228
0.2206608226642475
0.2206608226642475
0.35751197047815286
0.2206608226642475
0.6572281643019668
0.3234460466900228
0.2206608226642475
0.28087165310516005
0.2206608226642475
0.28087165310516005
0.41170346746321146
0.28087165310516005
0.28087165310516005
0.538849164920027
0.2206608226642475
0.2206608226642475
0.28087165310516005
0.28087165310516005
0.35751197047815286
0.3234460466900228
0.2206608226642475
0.2206608226642475
0.434397580919196
0.2206608226642475
0.7898485560384069
0.28087165310516005
0.9333416078017669
0.3234460466900228
0.2206608226642475
0.28087165310516005
0.2206608226642475
0.2206608226642475
0.2206608226642475
0.2206608226642475
0.5915896035349347
0.2206608226642475
0.35751197047815286
0.28087165310516005
0.2206608226642475
0.3234460466900228
0.2206608226642475
0.28087165310516005
0.3234460466900228
0.2206608226642475
0.434397580919196
0.28087165310516005
0.538849164920027
0.2206608226642475
0.2206608226642475
0.2206608226642475
0.5915896035349347
0.2206608226642475
0.2206608226642475
0.3234460466900228
0.2206608226642475
0.2206608226642475
0.2206608226642475
0.2206608226642475
0.2206608226642475
0.2206608226642475
0.2206608226642475
0.2206608226642475
0.2206608226642475
0.2206608226642475
0.6034775786283064
0.2206608226642475
0.2206608226642475
0.2206608226642475
0.28087165310516005
0.35751197047815286
0.35751197047815286
0.2206608226642475
0.2206608226642475
0.2206608226642475
0.2206608226642475
0.2206608226642475
0.28087165310516005
0.28087165310516005
0.2206608226642475
0.2206608226642475
0.35751197047815286
0.28087165310516005
0.2206608226642475
0.2206608226642475
0.4741092861716908
0.2206608226642475
0.2206608226642475
0.2206608226642475
0.28087165310516005
0.3863875065129026
0.28087165310516005
0.2206608226642475
0.4741092861716908
0.2206608226642475
0.2206608226642475
0.3863875065129026
0.45506482274776594
0.2206608226642475
0.2206608226642475
0.2206608226642475
0.2206608226642475
0.2206608226642475
0.2206608226642475
0.2206608226642475
0.434397580919196
0.2206608226642475
0.8611991555832034
0.41170346746321146
0.4918195100658597
0.28087165310516005
0.41170346746321146
0.2206608226642475
0.2206608226642475
0.2206608226642475
0.3863875065129026
0.2206608226642475
0.2206608226642475
0.2206608226642475
0.5240433353747963
0.45506482274776594
0.6149424179684222
0.3863875065129026
0.2206608226642475
0.28087165310516005
0.28087165310516005
0.28087165310516005
0.2206608226642475
0.2206608226642475
0.2206608226642475
0.2206608226642475
0.6670369308348866
0.28087165310516005
0.28087165310516005
0.2206608226642475
0.28087165310516005
0.2206608226642475
0.45506482274776594
0.2206608226642475
0.2206608226642475
0.28087165310516005
0.3234460466900228
0.2206608226642475
0.2206608226642475
0.2206608226642475
0.2206608226642475
0.28087165310516005
0.45506482274776594
0.2206608226642475
0.2206608226642475
0.2206608226642475
0.2206608226642475
0.28087165310516005
0.28087165310516005
0.3863875065129026
0.7124550814420784
0.28087165310516005
0.28087165310516005
0.2206608226642475
0.2206608226642475
0.41170346746321146
0.28087165310516005
0.2206608226642475
0.3234460466900228
0.2206608226642475
0.2206608226642475
0.2206608226642475
0.2206608226642475
0.2206608226642475
0.35751197047815286
0.2206608226642475
0.3234460466900228
0.2206608226642475
0.434397580919196
0.434397580919196
0.2206608226642475
0.2206608226642475
0.2206608226642475
0.2206608226642475
0.35751197047815286
0.3234460466900228
0.2206608226642475
0.2206608226642475
0.2206608226642475
0.2206608226642475
0.41170346746321146
0.2206608226642475
0.41170346746321146
0.2206608226642475
0.28087165310516005
0.28087165310516005
0.2206608226642475
0.2206608226642475
0.2206608226642475
0.2206608226642475
0.434397580919196
0.2206608226642475
0.4741092861716908
0.2206608226642475
0.2206608226642475
0.2206608226642475
0.2206608226642475
0.28087165310516005
0.2206608226642475
0.2206608226642475
0.3234460466900228
0.3234460466900228
0.5663692809764137
0.2206608226642475
0.4741092861716908
0.2206608226642475
0.28087165310516005
0.2206608226642475
0.2206608226642475
0.28087165310516005
0.28087165310516005
0.2206608226642475
0.2206608226642475
0.2206608226642475
0.2206608226642475
0.28087165310516005
0.28087165310516005
0.3234460466900228
0.3234460466900228
0.28087165310516005
0.28087165310516005
0.2206608226642475
0.3234460466900228
0.2206608226642475
1.0526158856079286
0.2206608226642475
0.2206608226642475
0.2206608226642475
0.45506482274776594
0.2206608226642475
0.3234460466900228
0.2206608226642475
0.28087165310516005
0.3863875065129026
0.2206608226642475
0.2206608226642475
0.2206608226642475
0.2206608226642475
0.2206608226642475
0.3863875065129026
0.35751197047815286
0.2206608226642475
0.2206608226642475
0.2206608226642475
0.3234460466900228
0.2206608226642475
0.6670369308348866
0.2206608226642475
0.3234460466900228
0.3234460466900228
0.8037183356927385
0.2206608226642475
0.2206608226642475
0.2206608226642475
0.2206608226642475
0.3234460466900228
0.3234460466900228
0.28087165310516005
0.2206608226642475
0.2206608226642475
0.3234460466900228
0.28087165310516005
0.28087165310516005
0.2206608226642475
0.2206608226642475
0.2206608226642475
0.28087165310516005
0.2206608226642475
0.2206608226642475
0.2206608226642475
0.434397580919196
0.35751197047815286
0.2206608226642475
0.28087165310516005
0.28087165310516005
0.2206608226642475
0.28087165310516005
0.3234460466900228
0.3863875065129026
0.28087165310516005
0.2206608226642475
0.28087165310516005
0.2206608226642475
0.2206608226642475
0.2206608226642475
0.2206608226642475
0.28087165310516005
0.3234460466900228
0.2206608226642475
0.2206608226642475
0.3863875065129026
0.2206608226642475
0.2206608226642475
0.28087165310516005
0.2206608226642475
0.2206608226642475
0.2206608226642475
0.2206608226642475
0.2206608226642475
0.2206608226642475
0.28087165310516005
0.28087165310516005
0.2206608226642475
0.28087165310516005
0.2206608226642475
0.2206608226642475
0.2206608226642475
0.2206608226642475
0.2206608226642475
0.2206608226642475
0.810488187992426
0.2206608226642475
0.28087165310516005
0.3863875065129026
0.2206608226642475
0.2206608226642475
0.4741092861716908
0.2206608226642475
0.2206608226642475
0.2206608226642475
0.2206608226642475
0.28087165310516005
0.2206608226642475
0.28087165310516005
0.3234460466900228
0.28087165310516005
0.2206608226642475
0.35751197047815286
0.2206608226642475
0.2206608226642475
0.28087165310516005
0.2206608226642475
0.28087165310516005
0.2206608226642475
0.45506482274776594
0.3863875065129026
0.28087165310516005
0.2206608226642475
0.41170346746321146
0.35751197047815286
0.3863875065129026
0.2206608226642475
0.2206608226642475
0.2206608226642475
0.28087165310516005
0.2206608226642475
0.3234460466900228
0.28087165310516005
0.2206608226642475
0.2206608226642475
0.28087165310516005
0.2206608226642475
0.2206608226642475
0.28087165310516005
0.2206608226642475
0.2206608226642475
0.5084095973334916
0.28087165310516005
0.2206608226642475
0.28087165310516005
0.2206608226642475
0.28087165310516005
0.28087165310516005
0.2206608226642475
0.2206608226642475
0.2206608226642475
0.2206608226642475
0.2206608226642475
0.5663692809764137
0.2206608226642475
0.2206608226642475
0.2206608226642475
0.2206608226642475
0.2206608226642475
0.2206608226642475
0.2206608226642475
0.28087165310516005
0.2206608226642475
1.0443212200259577
0.28087165310516005
0.28087165310516005
0.2206608226642475
0.2206608226642475
0.2206608226642475
0.28087165310516005
0.2206608226642475
0.8301877183573696
0.2206608226642475
0.28087165310516005
0.2206608226642475
0.5084095973334916
0.28087165310516005
0.3234460466900228
0.28087165310516005
0.2206608226642475
0.3234460466900228
0.2206608226642475
0.2206608226642475
0.434397580919196
0.2206608226642475
0.2206608226642475
0.2206608226642475
0.3234460466900228
0.2206608226642475
0.28087165310516005
0.2206608226642475
0.2206608226642475
0.2206608226642475
0.2206608226642475
0.2206608226642475
0.538849164920027
0.2206608226642475
0.2206608226642475
0.28087165310516005
0.41170346746321146
0.2206608226642475
0.28087165310516005
0.3234460466900228
0.2206608226642475
0.2206608226642475
0.2206608226642475
0.2206608226642475
0.5240433353747963
0.2206608226642475
0.5240433353747963
0.2206608226642475
0.3234460466900228
0.2206608226642475
0.2206608226642475
0.2206608226642475
0.2206608226642475
0.28087165310516005
0.4741092861716908
0.41170346746321146
0.2206608226642475
0.2206608226642475
0.3234460466900228
0.2206608226642475
0.538849164920027
0.2206608226642475
0.434397580919196
0.2206608226642475
0.2206608226642475
0.2206608226642475
0.2206608226642475
0.2206608226642475
0.538849164920027
0.2206608226642475
0.45506482274776594
0.28087165310516005
1.0098392750258893
0.2206608226642475
0.434397580919196
0.2206608226642475
0.28087165310516005
0.2206608226642475
0.3234460466900228
0.2206608226642475
0.2206608226642475
0.2206608226642475
0.28087165310516005
0.35751197047815286
0.2206608226642475
0.2206608226642475
0.2206608226642475
0.2206608226642475
0.28087165310516005
0.2206608226642475
0.3863875065129026
0.2206608226642475
0.2206608226642475
0.28087165310516005
0.3234460466900228
0.28087165310516005
0.2206608226642475
0.2206608226642475
0.2206608226642475
0.28087165310516005
0.28087165310516005
0.28087165310516005
0.2206608226642475
0.28087165310516005
0.35751197047815286
0.2206608226642475
0.2206608226642475
0.2206608226642475
0.2206608226642475
0.2206608226642475
0.2206608226642475
0.2206608226642475
0.2206608226642475
0.2206608226642475
0.2206608226642475
0.2206608226642475
0.4918195100658597
0.2206608226642475
0.434397580919196
0.3234460466900228
0.28087165310516005
0.2206608226642475
0.2206608226642475
0.2206608226642475
0.3863875065129026
0.2206608226642475
0.2206608226642475
0.2206608226642475
0.2206608226642475
0.2206608226642475
0.41170346746321146
0.434397580919196
0.28087165310516005
0.2206608226642475
0.2206608226642475
0.28087165310516005
0.2206608226642475
0.2206608226642475
0.6765827453495118
0.35751197047815286
0.2206608226642475
0.2206608226642475
0.3234460466900228
0.2206608226642475
0.41170346746321146
0.2206608226642475
0.35751197047815286
0.2206608226642475
0.2206608226642475
0.2206608226642475
0.2206608226642475
0.3234460466900228
0.2206608226642475
0.2206608226642475
0.2206608226642475
0.28087165310516005
0.3234460466900228
0.2206608226642475
0.2206608226642475
0.2206608226642475
0.28087165310516005
0.2206608226642475
0.9281578968903332
0.2206608226642475
0.2206608226642475
0.2206608226642475
0.3234460466900228
0.2206608226642475
0.2206608226642475
0.2206608226642475
0.2206608226642475
0.2206608226642475
0.2206608226642475
0.2206608226642475
0.3234460466900228
0.35751197047815286
0.4741092861716908
0.2206608226642475
0.35751197047815286
0.28087165310516005
0.41170346746321146
0.3234460466900228
0.2206608226642475
0.2206608226642475
0.28087165310516005
0.2206608226642475
0.2206608226642475
0.2206608226642475
0.2206608226642475
0.2206608226642475
0.2206608226642475
0.2206608226642475
0.2206608226642475
0.2206608226642475
0.2206608226642475
0.2206608226642475
0.6858827674893149
0.2206608226642475
0.5663692809764137
0.28087165310516005
0.2206608226642475
0.2206608226642475
0.6260203200264318
0.2206608226642475
0.3863875065129026
0.2206608226642475
0.2206608226642475
0.2206608226642475
0.28087165310516005
0.2206608226642475
0.35751197047815286
0.2206608226642475
0.3234460466900228
0.2206608226642475
0.2206608226642475
0.28087165310516005
0.2206608226642475
0.2206608226642475
0.28087165310516005
0.2206608226642475
0.4918195100658597
0.28087165310516005
0.2206608226642475
0.2206608226642475
0.2206608226642475
0.2206608226642475
0.2206608226642475
0.2206608226642475
0.28087165310516005
0.2206608226642475
0.2206608226642475
0.2206608226642475
0.2206608226642475
0.2206608226642475
0.2206608226642475
0.3234460466900228
0.2206608226642475
0.2206608226642475
0.2206608226642475
0.3234460466900228
0.2206608226642475
0.2206608226642475
0.2206608226642475
0.28087165310516005
0.28087165310516005
0.2206608226642475
0.3234460466900228
0.3863875065129026
0.2206608226642475
0.28087165310516005
0.2206608226642475
0.2206608226642475
0.2206608226642475
0.2206608226642475
0.28087165310516005
0.3234460466900228
0.2206608226642475
0.2206608226642475
0.2206608226642475
0.35751197047815286
0.2206608226642475
0.28087165310516005
0.2206608226642475
0.2206608226642475
0.2206608226642475
0.2206608226642475
0.2206608226642475
0.2206608226642475
0.2206608226642475
0.2206608226642475
0.5240433353747963
0.2206608226642475
0.2206608226642475
0.2206608226642475
0.2206608226642475
0.28087165310516005
0.3234460466900228
0.28087165310516005
0.45506482274776594
0.2206608226642475
0.2206608226642475
0.2206608226642475
0.2206608226642475
0.2206608226642475
0.28087165310516005
0.2206608226642475
0.3234460466900228
0.2206608226642475
0.2206608226642475
0.2206608226642475
0.2206608226642475
0.28087165310516005
0.2206608226642475
0.2206608226642475
0.3863875065129026
0.2206608226642475
0.2206608226642475
0.2206608226642475
0.3234460466900228
0.2206608226642475
0.2206608226642475
0.3234460466900228
0.2206608226642475
0.2206608226642475
0.28087165310516005
0.2206608226642475
0.2206608226642475
0.2206608226642475
0.4918195100658597
0.3234460466900228
0.2206608226642475
0.2206608226642475
0.2206608226642475
0.2206608226642475
0.2206608226642475
0.3863875065129026
0.2206608226642475
0.2206608226642475
0.3863875065129026
0.2206608226642475
0.8611991555832034
0.2206608226642475
0.2206608226642475
0.28087165310516005
0.5084095973334916
0.2206608226642475
0.2206608226642475
0.3234460466900228
0.28087165310516005
0.28087165310516005
0.2206608226642475
0.2206608226642475
0.2206608226642475
0.3234460466900228
0.538849164920027
0.28087165310516005
0.2206608226642475
0.28087165310516005
0.2206608226642475
0.2206608226642475
0.28087165310516005
0.2206608226642475
0.2206608226642475
0.2206608226642475
0.2206608226642475
0.2206608226642475
0.2206608226642475
0.28087165310516005
0.5240433353747963
0.2206608226642475
0.3863875065129026
0.2206608226642475
0.2206608226642475
0.2206608226642475
0.35751197047815286
0.2206608226642475
0.2206608226642475
0.2206608226642475
0.2206608226642475
0.2206608226642475
0.3234460466900228
0.2206608226642475
0.35751197047815286
0.28087165310516005
0.3234460466900228
0.3863875065129026
0.2206608226642475
0.28087165310516005
0.2206608226642475
0.2206608226642475
0.2206608226642475
0.2206608226642475
0.45506482274776594
0.2206608226642475
0.2206608226642475
0.2206608226642475
0.28087165310516005
0.28087165310516005
0.2206608226642475
0.2206608226642475
0.28087165310516005
0.28087165310516005
0.28087165310516005
0.2206608226642475
0.35751197047815286
0.2206608226642475
0.2206608226642475
0.28087165310516005
0.2206608226642475
0.2206608226642475
0.2206608226642475
0.2206608226642475
0.9917393201010629
0.2206608226642475
0.2206608226642475
0.28087165310516005
0.2206608226642475
0.28087165310516005
0.3234460466900228
0.2206608226642475
0.3863875065129026
0.28087165310516005
0.2206608226642475
0.2206608226642475
0.28087165310516005
0.28087165310516005
0.2206608226642475
0.2206608226642475
0.2206608226642475
0.2206608226642475
0.2206608226642475
0.2206608226642475
0.434397580919196
0.2206608226642475
0.2206608226642475
0.2206608226642475
0.28087165310516005
0.2206608226642475
0.2206608226642475
0.2206608226642475
0.2206608226642475
0.2206608226642475
0.45506482274776594
0.2206608226642475
0.35751197047815286
0.2206608226642475
0.2206608226642475
0.2206608226642475
0.434397580919196
0.28087165310516005
0.2206608226642475
0.2206608226642475
0.4918195100658597
0.28087165310516005
0.2206608226642475
0.35751197047815286
1.2354538838786648
0.4741092861716908
0.2206608226642475
0.2206608226642475
0.41170346746321146
0.2206608226642475
0.28087165310516005
0.28087165310516005
0.2206608226642475
0.2206608226642475
0.35751197047815286
0.3863875065129026
0.4741092861716908
0.2206608226642475
0.2206608226642475
0.2206608226642475
0.6034775786283064
0.28087165310516005
0.2206608226642475
0.28087165310516005
0.5084095973334916
0.2206608226642475
0.2206608226642475
0.2206608226642475
0.2206608226642475
0.28087165310516005
0.3863875065129026
0.28087165310516005
0.2206608226642475
0.2206608226642475
0.2206608226642475
0.2206608226642475
0.2206608226642475
0.2206608226642475
0.2206608226642475
0.3234460466900228
0.2206608226642475
0.2206608226642475
0.7827392801942088
0.2206608226642475
0.2206608226642475
0.3234460466900228
0.28087165310516005
0.2206608226642475
0.3234460466900228
0.2206608226642475
0.2206608226642475
0.2206608226642475
0.2206608226642475
0.2206608226642475
0.2206608226642475
0.2206608226642475
1.1780954824393521
0.3234460466900228
0.2206608226642475
0.3234460466900228
0.2206608226642475
0.28087165310516005
0.28087165310516005
0.2206608226642475
0.2206608226642475
0.2206608226642475
0.9485779649804942
0.2206608226642475
0.2206608226642475
0.2206608226642475
0.2206608226642475
0.2206608226642475
0.3234460466900228
0.2206608226642475
0.35751197047815286
0.2206608226642475
0.2206608226642475
0.28087165310516005
0.2206608226642475
0.2206608226642475
0.2206608226642475
0.28087165310516005
0.3234460466900228
0.2206608226642475
0.2206608226642475
0.2206608226642475
0.28087165310516005
0.28087165310516005
0.2206608226642475
0.28087165310516005
0.2206608226642475
0.2206608226642475
0.2206608226642475
0.2206608226642475
0.2206608226642475
0.2206608226642475
0.2206608226642475
0.2206608226642475
0.2206608226642475
0.2206608226642475
0.3234460466900228
0.2206608226642475
0.2206608226642475
0.28087165310516005
0.28087165310516005
0.28087165310516005
0.41170346746321146
0.2206608226642475
0.35751197047815286
0.2206608226642475
0.2206608226642475
0.2206608226642475
0.6367427554360714
0.2206608226642475
0.4918195100658597
0.2206608226642475
0.2206608226642475
0.2206608226642475
0.6367427554360714
0.2206608226642475
0.28087165310516005
0.2206608226642475
0.2206608226642475
0.41170346746321146
0.3234460466900228
0.28087165310516005
0.2206608226642475
0.3234460466900228
0.2206608226642475
0.2206608226642475
0.6572281643019668
0.2206608226642475
0.434397580919196
0.2206608226642475
0.2206608226642475
0.2206608226642475
0.6260203200264318
0.2206608226642475
0.41170346746321146
0.2206608226642475
0.28087165310516005
0.2206608226642475
0.2206608226642475
0.2206608226642475
0.6471372776256912
0.2206608226642475
0.28087165310516005
0.2206608226642475
0.3234460466900228
0.28087165310516005
0.434397580919196
0.28087165310516005
0.2206608226642475
0.3234460466900228
0.4918195100658597
0.2206608226642475
0.2206608226642475
0.35751197047815286
0.2206608226642475
0.2206608226642475
0.2206608226642475
0.2206608226642475
0.2206608226642475
0.2206608226642475
0.2206608226642475
0.2206608226642475
0.5084095973334916
0.3234460466900228
0.41170346746321146
0.2206608226642475
0.538849164920027
0.2206608226642475
0.28087165310516005
0.2206608226642475
0.2206608226642475
0.2206608226642475
0.2206608226642475
0.2206608226642475
0.5240433353747963
0.3863875065129026
0.2206608226642475
0.2206608226642475
0.2206608226642475
0.2206608226642475
0.2206608226642475
0.2206608226642475
0.2206608226642475
0.3234460466900228
0.2206608226642475
0.2206608226642475
0.2206608226642475
0.2206608226642475
0.2206608226642475
0.2206608226642475
0.2206608226642475
0.2206608226642475
0.6149424179684222
0.3234460466900228
0.2206608226642475
0.2206608226642475
0.2206608226642475
0.28087165310516005
0.2206608226642475
0.2206608226642475
0.2206608226642475
0.2206608226642475
0.2206608226642475
0.2206608226642475
0.5084095973334916
0.2206608226642475
0.35751197047815286
0.2206608226642475
0.8845812986494367
0.28087165310516005
0.2206608226642475
0.2206608226642475
0.2206608226642475
0.2206608226642475
0.28087165310516005
0.2206608226642475
0.2206608226642475
0.2206608226642475
0.2206608226642475
0.2206608226642475
0.5240433353747963
0.2206608226642475
0.2206608226642475
0.28087165310516005
0.2206608226642475
0.2206608226642475
0.2206608226642475
0.2206608226642475
0.2206608226642475
0.2206608226642475
0.2206608226642475
0.2206608226642475
0.28087165310516005
0.2206608226642475
0.2206608226642475
0.28087165310516005
0.28087165310516005
0.2206608226642475
0.3234460466900228
0.2206608226642475
0.28087165310516005
0.2206608226642475
0.3863875065129026
0.2206608226642475
0.2206608226642475
0.28087165310516005
0.41170346746321146
0.2206608226642475
0.3234460466900228
0.2206608226642475
0.2206608226642475
0.2206608226642475
0.2206608226642475
0.28087165310516005
0.3234460466900228
0.28087165310516005
0.2206608226642475
0.2206608226642475
0.2206608226642475
0.2206608226642475
0.35751197047815286
0.2206608226642475
0.2206608226642475
0.2206608226642475
0.41170346746321146
0.28087165310516005
0.6858827674893149
0.2206608226642475
0.4741092861716908
0.2206608226642475
0.45506482274776594
0.28087165310516005
0.3234460466900228
0.2206608226642475
0.28087165310516005
0.2206608226642475
0.4918195100658597
0.2206608226642475
0.2206608226642475
0.28087165310516005
0.2206608226642475
0.2206608226642475
0.2206608226642475
0.2206608226642475
0.2206608226642475
0.2206608226642475
0.28087165310516005
0.2206608226642475
0.3863875065129026
0.2206608226642475
0.2206608226642475
0.2206608226642475
0.434397580919196
0.2206608226642475
0.2206608226642475
0.2206608226642475
0.2206608226642475
0.2206608226642475
0.760650649716807
0.28087165310516005
0.2206608226642475
0.2206608226642475
0.28087165310516005
0.28087165310516005
0.28087165310516005
0.28087165310516005
0.35751197047815286
0.2206608226642475
0.2206608226642475
0.2206608226642475
0.2206608226642475
0.28087165310516005
0.2206608226642475
0.28087165310516005
0.2206608226642475
0.2206608226642475
0.9122719503234932
0.2206608226642475
0.2206608226642475
0.2206608226642475
0.2206608226642475
0.2206608226642475
0.434397580919196
0.2206608226642475
0.28087165310516005
0.2206608226642475
0.3863875065129026
0.2206608226642475
0.2206608226642475
0.28087165310516005
0.5792365291307364
0.2206608226642475
0.2206608226642475
0.2206608226642475
0.2206608226642475
0.2206608226642475
0.35751197047815286
0.2206608226642475
0.35751197047815286
0.3234460466900228
0.2206608226642475
0.2206608226642475
0.2206608226642475
0.2206608226642475
0.28087165310516005
0.2206608226642475
0.6149424179684222
0.2206608226642475
0.2206608226642475
0.3234460466900228
0.2206608226642475
0.2206608226642475
0.35751197047815286
0.2206608226642475
0.2206608226642475
0.3863875065129026
0.3234460466900228
0.2206608226642475
0.3234460466900228
0.2206608226642475
0.2206608226642475
0.2206608226642475
0.2206608226642475
0.2206608226642475
0.2206608226642475
0.2206608226642475
0.2206608226642475
0.2206608226642475
0.2206608226642475
0.2206608226642475
0.2206608226642475
0.2206608226642475
0.2206608226642475
0.2206608226642475
0.2206608226642475
0.3234460466900228
0.28087165310516005
0.2206608226642475
0.3234460466900228
0.2206608226642475
0.2206608226642475
0.2206608226642475
0.2206608226642475
0.2206608226642475
0.28087165310516005
0.2206608226642475
0.28087165310516005
0.2206608226642475
0.41170346746321146
0.2206608226642475
0.28087165310516005
0.2206608226642475
0.41170346746321146
0.28087165310516005
0.2206608226642475
0.2206608226642475
0.2206608226642475
0.2206608226642475
0.2206608226642475
0.2206608226642475
0.3863875065129026
0.2206608226642475
0.538849164920027
0.3863875065129026
0.3863875065129026
0.2206608226642475
0.9333416078017669
0.2206608226642475
0.2206608226642475
0.2206608226642475
0.2206608226642475
0.2206608226642475
0.538849164920027
0.2206608226642475
0.2206608226642475
0.2206608226642475
0.35751197047815286
0.2206608226642475
0.2206608226642475
0.2206608226642475
0.2206608226642475
0.3234460466900228
0.2206608226642475
0.2206608226642475
0.2206608226642475
0.2206608226642475
0.4918195100658597
0.2206608226642475
0.3863875065129026
0.2206608226642475
0.2206608226642475
0.2206608226642475
0.3234460466900228
0.28087165310516005
0.3234460466900228
0.2206608226642475
0.28087165310516005
0.2206608226642475
0.2206608226642475
0.28087165310516005
0.2206608226642475
0.2206608226642475
0.2206608226642475
0.2206608226642475
0.2206608226642475
0.2206608226642475
0.2206608226642475
0.2206608226642475
0.434397580919196
0.3234460466900228
0.2206608226642475
0.2206608226642475
0.28087165310516005
0.2206608226642475
0.4918195100658597
0.2206608226642475
0.2206608226642475
0.28087165310516005
0.2206608226642475
0.28087165310516005
0.2206608226642475
0.2206608226642475
0.434397580919196
0.28087165310516005
0.552929900217515
0.3863875065129026
0.2206608226642475
0.2206608226642475
0.2206608226642475
0.2206608226642475
0.2206608226642475
0.35751197047815286
0.28087165310516005
0.2206608226642475
0.6471372776256912
0.28087165310516005
0.6034775786283064
0.28087165310516005
0.2206608226642475
0.2206608226642475
0.41170346746321146
0.2206608226642475
0.28087165310516005
0.2206608226642475
0.2206608226642475
0.2206608226642475
0.2206608226642475
0.2206608226642475
0.28087165310516005
0.2206608226642475
0.35751197047815286
0.2206608226642475
0.2206608226642475
0.2206608226642475
0.2206608226642475
0.2206608226642475
0.2206608226642475
0.35751197047815286
0.28087165310516005
0.2206608226642475
0.2206608226642475
0.2206608226642475
0.2206608226642475
0.2206608226642475
0.2206608226642475
0.28087165310516005
0.6149424179684222
0.2206608226642475
0.3234460466900228
0.2206608226642475
0.2206608226642475
0.2206608226642475
0.28087165310516005
0.2206608226642475
0.2206608226642475
0.2206608226642475
0.3234460466900228
0.2206608226642475
0.3234460466900228
0.2206608226642475
0.434397580919196
0.3234460466900228
0.552929900217515
0.2206608226642475
0.2206608226642475
0.2206608226642475
0.45506482274776594
0.2206608226642475
0.2206608226642475
0.2206608226642475
0.2206608226642475
0.2206608226642475
0.2206608226642475
0.2206608226642475
0.2206608226642475
0.28087165310516005
0.6670369308348866
0.2206608226642475
0.2206608226642475
0.2206608226642475
0.41170346746321146
0.28087165310516005
0.2206608226642475
0.2206608226642475
0.2206608226642475
0.2206608226642475
0.434397580919196
0.2206608226642475
0.2206608226642475
0.2206608226642475
0.5084095973334916
0.2206608226642475
0.35751197047815286
0.2206608226642475
0.2206608226642475
0.28087165310516005
0.2206608226642475
0.2206608226642475
0.2206608226642475
0.2206608226642475
0.2206608226642475
0.2206608226642475
0.2206608226642475
0.2206608226642475
0.2206608226642475
0.2206608226642475
0.3234460466900228
0.2206608226642475
0.2206608226642475
0.2206608226642475
0.2206608226642475
0.2206608226642475
0.434397580919196
0.41170346746321146
0.2206608226642475
0.28087165310516005
0.3863875065129026
0.2206608226642475
0.2206608226642475
0.2206608226642475
0.2206608226642475
0.28087165310516005
0.2206608226642475
0.2206608226642475
0.2206608226642475
0.2206608226642475
0.2206608226642475
0.2206608226642475
0.2206608226642475
0.2206608226642475
0.2206608226642475
0.2206608226642475
0.2206608226642475
0.2206608226642475
0.2206608226642475
0.2206608226642475
0.2206608226642475
0.28087165310516005
0.28087165310516005
0.2206608226642475
0.3234460466900228
0.28087165310516005
0.2206608226642475
0.35751197047815286
0.28087165310516005
0.2206608226642475
0.28087165310516005
0.2206608226642475
0.2206608226642475
0.28087165310516005
0.2206608226642475
0.2206608226642475
0.2206608226642475
0.2206608226642475
0.28087165310516005
0.3234460466900228
0.45506482274776594
0.28087165310516005
0.5084095973334916
0.28087165310516005
0.41170346746321146
0.2206608226642475
0.3234460466900228
0.2206608226642475
0.28087165310516005
0.2206608226642475
0.28087165310516005
0.28087165310516005
0.434397580919196
0.28087165310516005
0.2206608226642475
0.28087165310516005
0.2206608226642475
0.28087165310516005
0.28087165310516005
0.2206608226642475
0.2206608226642475
0.2206608226642475
0.2206608226642475
0.28087165310516005
0.28087165310516005
0.2206608226642475
0.41170346746321146
0.28087165310516005
0.2206608226642475
0.2206608226642475
0.2206608226642475
0.35751197047815286
0.28087165310516005
0.2206608226642475
0.2206608226642475
0.2206608226642475
0.3234460466900228
0.2206608226642475
0.28087165310516005
0.28087165310516005
0.434397580919196
0.2206608226642475
0.3234460466900228
0.2206608226642475
0.2206608226642475
0.2206608226642475
0.3234460466900228
0.2206608226642475
0.35751197047815286
0.2206608226642475
0.28087165310516005
0.2206608226642475
0.2206608226642475
0.2206608226642475
0.2206608226642475
0.2206608226642475
0.2206608226642475
0.2206608226642475
0.2206608226642475
0.35751197047815286
0.28087165310516005
0.2206608226642475
0.4918195100658597
0.2206608226642475
0.2206608226642475
0.3234460466900228
0.3234460466900228
0.2206608226642475
0.28087165310516005
0.35751197047815286
0.2206608226642475
0.2206608226642475
0.2206608226642475
0.2206608226642475
0.2206608226642475
0.2206608226642475
0.2206608226642475
0.28087165310516005
0.2206608226642475
0.28087165310516005
0.41170346746321146
0.2206608226642475
0.3863875065129026
0.2206608226642475
0.434397580919196
0.2206608226642475
0.2206608226642475
0.2206608226642475
0.2206608226642475
0.28087165310516005
0.2206608226642475
0.2206608226642475
0.2206608226642475
0.2206608226642475
0.2206608226642475
0.2206608226642475
0.28087165310516005
0.2206608226642475
0.41170346746321146
0.2206608226642475
0.2206608226642475
0.2206608226642475
0.2206608226642475
0.3234460466900228
0.2206608226642475
0.2206608226642475
0.2206608226642475
0.2206608226642475
0.2206608226642475
0.3234460466900228
0.28087165310516005
0.2206608226642475
0.28087165310516005
0.2206608226642475
0.28087165310516005
0.2206608226642475
0.28087165310516005
0.28087165310516005
0.41170346746321146
0.2206608226642475
0.5084095973334916
0.3863875065129026
0.2206608226642475
0.2206608226642475
0.3234460466900228
0.3234460466900228
0.3863875065129026
0.2206608226642475
0.434397580919196
0.28087165310516005
0.35751197047815286
0.2206608226642475
0.2206608226642475
0.3234460466900228
0.28087165310516005
0.2206608226642475
0.35751197047815286
0.2206608226642475
0.3863875065129026
0.2206608226642475
0.4918195100658597
0.3234460466900228
0.3234460466900228
0.2206608226642475
0.2206608226642475
0.2206608226642475
0.3863875065129026
0.2206608226642475
0.3863875065129026
0.2206608226642475
0.2206608226642475
0.28087165310516005
0.28087165310516005
0.2206608226642475
0.2206608226642475
0.2206608226642475
0.35751197047815286
0.28087165310516005
0.28087165310516005
0.28087165310516005
0.6471372776256912
0.28087165310516005
0.35751197047815286
0.28087165310516005
0.41170346746321146
0.2206608226642475
0.3863875065129026
0.2206608226642475
0.6260203200264318
0.2206608226642475
0.35751197047815286
0.2206608226642475
0.28087165310516005
0.2206608226642475
0.2206608226642475
0.2206608226642475
0.45506482274776594
0.35751197047815286
0.2206608226642475
0.2206608226642475
0.2206608226642475
0.2206608226642475
0.2206608226642475
0.2206608226642475
0.2206608226642475
0.2206608226642475
0.2206608226642475
0.2206608226642475
0.2206608226642475
0.2206608226642475
0.2206608226642475
0.28087165310516005
0.35751197047815286
0.28087165310516005
0.2206608226642475
0.2206608226642475
0.28087165310516005
0.2206608226642475
0.41170346746321146
0.2206608226642475
0.28087165310516005
0.28087165310516005
0.2206608226642475
0.28087165310516005
0.3234460466900228
0.2206608226642475
0.2206608226642475
0.2206608226642475
0.2206608226642475
0.2206608226642475
0.3234460466900228
0.2206608226642475
0.434397580919196
0.28087165310516005
0.4918195100658597
0.2206608226642475
0.2206608226642475
0.28087165310516005
0.2206608226642475
0.2206608226642475
0.2206608226642475
0.2206608226642475
0.2206608226642475
0.2206608226642475
0.2206608226642475
0.2206608226642475
0.2206608226642475
0.28087165310516005
0.5240433353747963
0.2206608226642475
0.28087165310516005
0.2206608226642475
0.6670369308348866
0.3234460466900228
0.2206608226642475
0.2206608226642475
0.2206608226642475
0.2206608226642475
0.5663692809764137
0.2206608226642475
0.2206608226642475
0.2206608226642475
0.2206608226642475
0.2206608226642475
0.2206608226642475
0.3234460466900228
0.2206608226642475
0.2206608226642475
0.2206608226642475
0.2206608226642475
0.2206608226642475
0.35751197047815286
0.28087165310516005
0.2206608226642475
0.2206608226642475
0.28087165310516005
0.35751197047815286
0.2206608226642475
0.3234460466900228
0.2206608226642475
0.28087165310516005
0.2206608226642475
0.2206608226642475
0.2206608226642475
0.45506482274776594
0.2206608226642475
0.2206608226642475
0.2206608226642475
0.3863875065129026
0.2206608226642475
0.2206608226642475
0.2206608226642475
0.3234460466900228
0.2206608226642475
0.6765827453495118
0.28087165310516005
0.2206608226642475
0.2206608226642475
0.2206608226642475
0.2206608226642475
0.28087165310516005
0.2206608226642475
0.2206608226642475
0.2206608226642475
0.2206608226642475
0.28087165310516005
0.2206608226642475
0.2206608226642475
0.2206608226642475
0.2206608226642475
0.2206608226642475
0.2206608226642475
0.2206608226642475
0.28087165310516005
0.2206608226642475
0.2206608226642475
0.2206608226642475
0.2206608226642475
0.2206608226642475
0.2206608226642475
0.4918195100658597
0.3234460466900228
0.2206608226642475
0.28087165310516005
0.2206608226642475
0.2206608226642475
0.2206608226642475
0.2206608226642475
0.2206608226642475
0.2206608226642475
0.2206608226642475
0.2206608226642475
0.2206608226642475
0.2206608226642475
0.2206608226642475
0.2206608226642475
0.2206608226642475
0.2206608226642475
0.28087165310516005
0.2206608226642475
0.2206608226642475
0.2206608226642475
0.3234460466900228
0.2206608226642475
0.2206608226642475
0.2206608226642475
0.2206608226642475
0.2206608226642475
0.2206608226642475
0.2206608226642475
0.2206608226642475
0.2206608226642475
0.3234460466900228
0.2206608226642475
0.2206608226642475
0.2206608226642475
0.2206608226642475
0.2206608226642475
0.2206608226642475
0.2206608226642475
0.28087165310516005
0.2206608226642475
0.3234460466900228
0.2206608226642475
0.7755069680003835
0.2206608226642475
0.2206608226642475
0.28087165310516005
0.2206608226642475
0.2206608226642475
0.2206608226642475
0.2206608226642475
0.2206608226642475
0.2206608226642475
0.2206608226642475
0.28087165310516005
0.2206608226642475
0.2206608226642475
0.2206608226642475
0.2206608226642475
0.2206608226642475
0.2206608226642475
0.3863875065129026
0.2206608226642475
0.2206608226642475
0.2206608226642475
0.3234460466900228
0.2206608226642475
0.2206608226642475
0.2206608226642475
0.3863875065129026
0.2206608226642475
0.2206608226642475
0.2206608226642475
0.2206608226642475
0.2206608226642475
0.3234460466900228
0.2206608226642475
0.2206608226642475
0.2206608226642475
0.2206608226642475
0.28087165310516005
0.2206608226642475
0.2206608226642475
0.2206608226642475
0.2206608226642475
0.35751197047815286
0.3234460466900228
0.3234460466900228
0.28087165310516005
0.3863875065129026
0.2206608226642475
0.2206608226642475
0.2206608226642475
0.2206608226642475
0.2206608226642475
0.35751197047815286
0.2206608226642475
0.2206608226642475
0.2206608226642475
0.2206608226642475
0.2206608226642475
0.2206608226642475
0.2206608226642475
0.2206608226642475
0.2206608226642475
0.2206608226642475
0.2206608226642475
0.2206608226642475
0.2206608226642475
0.2206608226642475
0.2206608226642475
0.3234460466900228
0.2206608226642475
0.2206608226642475
0.2206608226642475
0.2206608226642475
0.2206608226642475
0.4741092861716908
0.2206608226642475
0.3234460466900228
0.2206608226642475
0.6260203200264318
0.2206608226642475
0.2206608226642475
0.2206608226642475
0.2206608226642475
0.2206608226642475
0.4918195100658597
0.2206608226642475
0.35751197047815286
0.28087165310516005
0.2206608226642475
0.2206608226642475
0.2206608226642475
0.2206608226642475
0.2206608226642475
0.2206608226642475
0.3863875065129026
0.2206608226642475
0.2206608226642475
0.2206608226642475
0.41170346746321146
0.2206608226642475
0.3234460466900228
0.2206608226642475
0.2206608226642475
0.2206608226642475
0.434397580919196
0.2206608226642475
0.2206608226642475
0.2206608226642475
0.3863875065129026
0.28087165310516005
0.7452300429741309
0.2206608226642475
0.28087165310516005
0.2206608226642475
0.2206608226642475
0.2206608226642475
0.28087165310516005
0.2206608226642475
0.2206608226642475
0.2206608226642475
0.2206608226642475
0.2206608226642475
0.2206608226642475
0.2206608226642475
0.2206608226642475
0.2206608226642475
0.41170346746321146
0.2206608226642475
0.2206608226642475
0.2206608226642475
0.2206608226642475
0.2206608226642475
0.2206608226642475
0.2206608226642475
0.28087165310516005
0.2206608226642475
0.2206608226642475
0.2206608226642475
0.2206608226642475
0.2206608226642475
0.28087165310516005
0.2206608226642475
0.2206608226642475
0.2206608226642475
0.3863875065129026
0.2206608226642475
0.2206608226642475
0.2206608226642475
0.2206608226642475
0.2206608226642475
0.434397580919196
0.2206608226642475
0.2206608226642475
0.2206608226642475
0.2206608226642475
0.2206608226642475
0.35751197047815286
0.2206608226642475
0.2206608226642475
0.2206608226642475
0.2206608226642475
0.2206608226642475
0.2206608226642475
0.2206608226642475
0.2206608226642475
0.2206608226642475
0.45506482274776594
0.2206608226642475
0.2206608226642475
0.2206608226642475
0.9068598316262441
0.2206608226642475
0.2206608226642475
0.2206608226642475
0.35751197047815286
0.2206608226642475
0.5084095973334916
0.2206608226642475
0.2206608226642475
0.2206608226642475
0.2206608226642475
0.2206608226642475
0.35751197047815286
0.28087165310516005
0.2206608226642475
0.2206608226642475
0.41170346746321146
0.2206608226642475
0.41170346746321146
0.2206608226642475
0.3863875065129026
0.2206608226642475
0.28087165310516005
0.2206608226642475
0.2206608226642475
0.2206608226642475
0.2206608226642475
0.2206608226642475
0.2206608226642475
0.28087165310516005
0.2206608226642475
0.2206608226642475
0.2206608226642475
0.2206608226642475
0.2206608226642475
0.2206608226642475
0.2206608226642475
0.2206608226642475
0.2206608226642475
0.2206608226642475
0.2206608226642475
0.2206608226642475
0.2206608226642475
0.2206608226642475
0.2206608226642475
0.2206608226642475
0.2206608226642475
0.2206608226642475
0.9633692512796692
0.2206608226642475
0.28087165310516005
0.2206608226642475
0.2206608226642475
0.2206608226642475
0.2206608226642475
0.2206608226642475
0.2206608226642475
0.2206608226642475
0.2206608226642475
0.2206608226642475
0.2206608226642475
0.2206608226642475
0.3234460466900228
0.2206608226642475
0.2206608226642475
0.2206608226642475
0.2206608226642475
0.2206608226642475
0.28087165310516005
0.2206608226642475
0.2206608226642475
0.28087165310516005
0.35751197047815286
0.2206608226642475
0.2206608226642475
0.28087165310516005
0.4918195100658597
0.2206608226642475
0.2206608226642475
0.2206608226642475
0.538849164920027
0.2206608226642475
0.2206608226642475
0.2206608226642475
0.2206608226642475
0.28087165310516005
0.35751197047815286
0.2206608226642475
0.41170346746321146
0.2206608226642475
0.28087165310516005
0.2206608226642475
0.2206608226642475
0.2206608226642475
0.2206608226642475
0.2206608226642475
0.35751197047815286
0.2206608226642475
0.2206608226642475
0.2206608226642475
0.2206608226642475
0.28087165310516005
0.2206608226642475
0.2206608226642475
0.2206608226642475
0.2206608226642475
0.28087165310516005
0.2206608226642475
0.2206608226642475
0.2206608226642475
0.2206608226642475
0.2206608226642475
0.2206608226642475
0.2206608226642475
0.2206608226642475
0.2206608226642475
0.2206608226642475
0.2206608226642475
0.2206608226642475
0.2206608226642475
0.2206608226642475
0.2206608226642475
0.45506482274776594
0.2206608226642475
0.5792365291307364
0.2206608226642475
0.2206608226642475
0.2206608226642475
0.2206608226642475
0.2206608226642475
0.2206608226642475
0.2206608226642475
0.2206608226642475
0.2206608226642475
0.28087165310516005
0.2206608226642475
0.2206608226642475
0.2206608226642475
0.3863875065129026
0.2206608226642475
0.3234460466900228
0.2206608226642475
0.2206608226642475
0.2206608226642475
0.2206608226642475
0.2206608226642475
0.2206608226642475
0.2206608226642475
0.434397580919196
0.2206608226642475
0.3234460466900228
0.2206608226642475
0.2206608226642475
0.2206608226642475
0.2206608226642475
0.2206608226642475
0.2206608226642475
0.2206608226642475
0.2206608226642475
0.2206608226642475
0.3234460466900228
0.2206608226642475
0.2206608226642475
0.2206608226642475
0.2206608226642475
0.2206608226642475
0.2206608226642475
0.2206608226642475
0.35751197047815286
0.2206608226642475
0.35751197047815286
0.2206608226642475
0.2206608226642475
0.2206608226642475
0.7124550814420784
0.2206608226642475
0.28087165310516005
0.2206608226642475
0.2206608226642475
0.2206608226642475
0.2206608226642475
0.2206608226642475
0.2206608226642475
0.2206608226642475
0.3234460466900228
0.2206608226642475
0.2206608226642475
0.2206608226642475
0.2206608226642475
0.2206608226642475
0.2206608226642475
0.2206608226642475
0.2206608226642475
0.2206608226642475
0.2206608226642475
0.2206608226642475
0.5240433353747963
0.2206608226642475
