3.099921928204112
2.463873678928457
2.43676530157579
1.8449603230945464
1.4643681298597164
1.2273201429058878
1.6335618383128456
1.6065436186401378
1.813417780685363
2.157439034703918
1.6651770067115903
1.1992782532569175
1.4450873551839682
0.6278195351121536
1.1387310465521898
0.7217965753732191
0.8853065999725402
0.6896153121400624
0.9761223204072409
0.2594378347359017
0.46555658343980844
0.40785657313506996
1.0330394364039952
1.220433856935258
1.3917712364745294
0.7006832533855564
0.5991750132631716
2.1025948336069584
1.624018813115744
0.6411824413305711
0.6138421853418234
1.0615348462966052
0.8199942218367653
0.9050069087887602
0.9869814262008307
0.8985389524469903
0.7318913716479434
1.0661331563290046
0.9650079388540825
0.3713089306898819
0.40785657313506996
1.672438341070638
1.0752089121514021
0.6663072768420252
0.9975993442896616
0.325289757319482
0.5314194907246682
0.325289757319482
0.8785344885553497
1.0281296160838922
1.4048470882522759
1.0841292222363565
1.1387310465521898
1.1427124617806346
1.173580476386691
0.6781680027663779
0.5837266881285209
0.325289757319482
0.8120445327624772
1.0427170980658187
1.0522128118444065
2.375354786677207
1.1847348610335449
0.5314194907246682
0.7417066470989789
0.6411824413305711
0.6138421853418234
0.2594378347359017
0.40785657313506996
0.7956445230529378
0.3713089306898819
0.48957547494563797
0.8503042945385232
1.313366058502413
0.9238596441118035
1.279745579072007
1.1622028353710863
0.6138421853418234
0.9650079388540825
0.9113808232176517
0.48957547494563797
0.48957547494563797
0.8503042945385232
0.9176640211707587
0.2594378347359017
0.5673848859428066
0.48957547494563797
0.325289757319482
0.6781680027663779
0.8853065999725402
0.7696509481956081
0.40785657313506996
0.3713089306898819
0.8277879191098537
0.9650079388540825
0.9050069087887602
0.6278195351121536
0.2594378347359017
1.0379015519974228
1.2273201429058878
0.9419499968709062
0.7871761049229937
0.6781680027663779
1.0522128118444065
1.1698132819933564
0.7871761049229937
0.6278195351121536
0.46555658343980844
0.5113809473137074
0.6138421853418234
0.9478235087418442
1.1884052279968735
0.2594378347359017
0.8985389524469903
0.8785344885553497
0.3713089306898819
0.6278195351121536
0.7318913716479434
0.6896153121400624
0.550009028432527
0.6539939257919571
0.46555658343980844
0.8503042945385232
0.48957547494563797
0.3713089306898819
0.7217965753732191
0.8503042945385232
0.6411824413305711
0.48957547494563797
0.325289757319482
0.5314194907246682
0.325289757319482
0.3713089306898819
1.4523796380308078
1.1057912388318087
0.2594378347359017
0.760570650960002
0.3713089306898819
0.325289757319482
0.40785657313506996
0.3713089306898819
0.864657222252083
0.6138421853418234
0.2594378347359017
0.5113809473137074
0.8429363545370313
0.8277879191098537
0.5837266881285209
0.7318913716479434
1.6448636568079493
0.5673848859428066
1.0028219277721853
0.48957547494563797
0.46555658343980844
0.9359998918842564
0.9593502495629089
0.3713089306898819
0.9113808232176517
0.9050069087887602
0.48957547494563797
0.3713089306898819
0.5837266881285209
0.7417066470989789
0.6663072768420252
0.2594378347359017
0.6781680027663779
0.48957547494563797
1.0131018868271824
0.8039308566934782
0.8985389524469903
0.325289757319482
0.48957547494563797
0.6539939257919571
0.9238596441118035
0.6411824413305711
0.325289757319482
0.5837266881285209
0.2594378347359017
0.5314194907246682
0.2594378347359017
0.550009028432527
0.4386647541489796
0.7785153253230689
0.5314194907246682
0.550009028432527
0.4386647541489796
0.6896153121400624
0.891973429645812
0.4386647541489796
0.5673848859428066
0.3713089306898819
0.40785657313506996
0.3713089306898819
1.5388452183374666
0.8199942218367653
1.5620877504817778
0.7114016043302144
1.0752089121514021
0.325289757319482
1.0028219277721853
0.550009028432527
0.5991750132631716
0.46555658343980844
1.0841292222363565
0.8120445327624772
0.40785657313506996
0.46555658343980844
3.0723699407471114
0.9536228311762996
0.2594378347359017
0.7114016043302144
1.3944066969125288
0.7696509481956081
0.8199942218367653
0.5314194907246682
0.2594378347359017
0.40785657313506996
0.8503042945385232
0.7006832533855564
0.6896153121400624
0.4386647541489796
0.8716528653838647
0.5991750132631716
0.48957547494563797
0.550009028432527
0.4386647541489796
0.6411824413305711
0.3713089306898819
0.5113809473137074
0.7696509481956081
0.5314194907246682
0.325289757319482
0.3713089306898819
0.2594378347359017
0.7417066470989789
1.1544880978736671
0.40785657313506996
0.40785657313506996
0.5673848859428066
0.550009028432527
0.4386647541489796
0.550009028432527
0.6411824413305711
0.3713089306898819
0.2594378347359017
0.5837266881285209
0.9975993442896616
0.325289757319482
0.4386647541489796
0.325289757319482
0.3713089306898819
1.0522128118444065
0.550009028432527
0.2594378347359017
0.550009028432527
0.3713089306898819
0.48957547494563797
0.2594378347359017
0.325289757319482
0.48957547494563797
0.5673848859428066
0.9705979707686425
0.5113809473137074
0.550009028432527
0.5113809473137074
0.5314194907246682
0.7217965753732191
1.0427170980658187
0.48957547494563797
1.3838023929099692
0.3713089306898819
0.6138421853418234
0.8277879191098537
0.5314194907246682
0.8199942218367653
0.8199942218367653
0.325289757319482
0.325289757319482
0.2594378347359017
1.097232222989019
0.325289757319482
0.5837266881285209
0.2594378347359017
0.4386647541489796
0.2594378347359017
0.2594378347359017
0.325289757319482
0.48957547494563797
0.4386647541489796
0.6781680027663779
0.3713089306898819
0.550009028432527
0.2594378347359017
0.6278195351121536
0.2594378347359017
0.550009028432527
0.4386647541489796
0.550009028432527
0.48957547494563797
0.8354330146363723
0.48957547494563797
1.0568950457139141
0.6411824413305711
0.5113809473137074
0.5837266881285209
0.325289757319482
0.2594378347359017
0.46555658343980844
0.46555658343980844
0.48957547494563797
0.5113809473137074
0.40785657313506996
0.2594378347359017
0.2594378347359017
0.5113809473137074
0.2594378347359017
0.325289757319482
0.9050069087887602
0.325289757319482
1.0131018868271824
0.40785657313506996
0.325289757319482
0.5837266881285209
0.40785657313506996
0.7696509481956081
0.2594378347359017
0.5837266881285209
0.48957547494563797
0.8120445327624772
0.760570650960002
0.2594378347359017
0.2594378347359017
0.5314194907246682
0.46555658343980844
0.3713089306898819
0.5113809473137074
0.5837266881285209
1.830079990476455
0.550009028432527
0.5314194907246682
0.4386647541489796
0.6781680027663779
0.2594378347359017
0.4386647541489796
0.325289757319482
0.2594378347359017
0.325289757319482
0.5991750132631716
0.4386647541489796
0.6411824413305711
0.48957547494563797
0.48957547494563797
0.5837266881285209
0.550009028432527
0.40785657313506996
0.5673848859428066
0.5113809473137074
0.5113809473137074
0.2594378347359017
0.6896153121400624
0.550009028432527
0.7696509481956081
0.5314194907246682
0.2594378347359017
0.48957547494563797
0.2594378347359017
0.550009028432527
0.2594378347359017
0.2594378347359017
0.40785657313506996
0.3713089306898819
0.325289757319482
0.2594378347359017
1.1920523421251525
0.5113809473137074
0.325289757319482
0.3713089306898819
0.3713089306898819
0.5113809473137074
0.325289757319482
0.6138421853418234
0.2594378347359017
0.325289757319482
0.7512608747088921
0.550009028432527
0.4386647541489796
0.3713089306898819
0.6539939257919571
0.48957547494563797
0.9923197018822508
0.325289757319482
0.40785657313506996
0.2594378347359017
0.6138421853418234
0.3713089306898819
0.7114016043302144
0.4386647541489796
0.6411824413305711
0.6539939257919571
0.6138421853418234
0.2594378347359017
0.325289757319482
0.2594378347359017
0.3713089306898819
0.2594378347359017
0.5991750132631716
0.7114016043302144
0.4386647541489796
0.3713089306898819
0.325289757319482
0.46555658343980844
0.7417066470989789
0.6663072768420252
0.5113809473137074
0.550009028432527
0.6138421853418234
0.40785657313506996
0.2594378347359017
0.2594378347359017
0.325289757319482
0.8199942218367653
0.6539939257919571
0.6138421853418234
0.3713089306898819
0.325289757319482
0.2594378347359017
0.6896153121400624
0.2594378347359017
0.46555658343980844
0.325289757319482
0.4386647541489796
0.3713089306898819
0.325289757319482
0.2594378347359017
0.5991750132631716
0.7956445230529378
0.325289757319482
0.48957547494563797
0.46555658343980844
1.0522128118444065
0.7785153253230689
0.6896153121400624
0.3713089306898819
0.2594378347359017
0.2594378347359017
0.325289757319482
0.5113809473137074
0.325289757319482
0.325289757319482
1.3970319147239751
0.3713089306898819
0.325289757319482
0.2594378347359017
0.2594378347359017
0.7318913716479434
0.2594378347359017
0.2594378347359017
0.2594378347359017
0.325289757319482
0.8277879191098537
0.48957547494563797
0.6896153121400624
0.325289757319482
0.2594378347359017
0.48957547494563797
0.2594378347359017
0.46555658343980844
0.325289757319482
0.4386647541489796
0.2594378347359017
0.550009028432527
0.6539939257919571
0.5113809473137074
0.7956445230529378
0.325289757319482
0.325289757319482
0.46555658343980844
0.2594378347359017
0.5314194907246682
0.325289757319482
0.40785657313506996
0.2594378347359017
0.3713089306898819
0.46555658343980844
0.325289757319482
0.2594378347359017
0.550009028432527
0.4386647541489796
0.864657222252083
1.1347206857165928
0.2594378347359017
0.550009028432527
0.5113809473137074
0.5314194907246682
0.7785153253230689
0.7217965753732191
0.5314194907246682
0.2594378347359017
0.2594378347359017
0.3713089306898819
0.40785657313506996
0.325289757319482
0.46555658343980844
0.6411824413305711
0.6278195351121536
0.48957547494563797
0.6138421853418234
0.7318913716479434
0.550009028432527
0.325289757319482
0.40785657313506996
0.325289757319482
0.4386647541489796
0.2594378347359017
0.3713089306898819
0.325289757319482
0.550009028432527
0.8429363545370313
0.2594378347359017
1.114215639618087
0.46555658343980844
0.2594378347359017
0.3713089306898819
0.325289757319482
0.2594378347359017
0.6896153121400624
0.5837266881285209
0.6781680027663779
0.3713089306898819
0.7512608747088921
0.6278195351121536
0.8354330146363723
0.48957547494563797
0.3713089306898819
0.46555658343980844
0.8575427469833752
0.5113809473137074
0.9650079388540825
0.4386647541489796
0.40785657313506996
0.3713089306898819
0.3713089306898819
0.3713089306898819
0.2594378347359017
0.5113809473137074
0.2594378347359017
0.5837266881285209
0.5837266881285209
0.4386647541489796
0.46555658343980844
0.40785657313506996
0.9815828723376794
0.2594378347359017
0.2594378347359017
0.3713089306898819
0.9299706632329753
0.550009028432527
0.2594378347359017
0.46555658343980844
0.5113809473137074
0.325289757319482
0.40785657313506996
0.6278195351121536
0.325289757319482
0.40785657313506996
0.2594378347359017
0.2594378347359017
0.8277879191098537
0.7512608747088921
0.6781680027663779
0.3713089306898819
0.6138421853418234
0.2594378347359017
0.5314194907246682
0.46555658343980844
0.325289757319482
0.2594378347359017
0.8853065999725402
0.2594378347359017
0.46555658343980844
0.325289757319482
0.8199942218367653
0.5991750132631716
0.6138421853418234
0.3713089306898819
0.2594378347359017
0.5673848859428066
0.4386647541489796
0.2594378347359017
0.325289757319482
0.5314194907246682
0.8853065999725402
0.3713089306898819
0.40785657313506996
0.325289757319482
0.5314194907246682
0.4386647541489796
0.325289757319482
0.48957547494563797
0.2594378347359017
0.325289757319482
0.8503042945385232
0.325289757319482
1.0706908855263682
0.6138421853418234
0.325289757319482
0.40785657313506996
0.550009028432527
0.2594378347359017
0.46555658343980844
0.40785657313506996
0.325289757319482
0.46555658343980844
1.2028577488799035
0.48957547494563797
0.3713089306898819
0.48957547494563797
0.3713089306898819
0.325289757319482
0.40785657313506996
0.46555658343980844
0.2594378347359017
0.4386647541489796
0.7006832533855564
0.46555658343980844
1.0181620936815683
0.325289757319482
0.9176640211707587
0.5113809473137074
0.8120445327624772
0.325289757319482
0.325289757319482
0.2594378347359017
0.325289757319482
0.3713089306898819
0.2594378347359017
0.7114016043302144
0.2594378347359017
0.5314194907246682
0.48957547494563797
0.40785657313506996
0.5673848859428066
0.325289757319482
0.325289757319482
0.40785657313506996
0.4386647541489796
0.2594378347359017
0.40785657313506996
0.2594378347359017
0.2594378347359017
0.2594378347359017
0.4386647541489796
0.325289757319482
0.7006832533855564
0.40785657313506996
0.2594378347359017
0.5837266881285209
0.2594378347359017
0.46555658343980844
1.802647788003683
0.48957547494563797
0.9923197018822508
0.2594378347359017
0.2594378347359017
0.4386647541489796
0.46555658343980844
0.6278195351121536
0.2594378347359017
0.40785657313506996
0.325289757319482
0.2594378347359017
0.2594378347359017
0.2594378347359017
0.40785657313506996
0.325289757319482
0.2594378347359017
0.2594378347359017
0.4386647541489796
0.2594378347359017
0.9050069087887602
0.40785657313506996
0.40785657313506996
0.2594378347359017
0.46555658343980844
0.3713089306898819
0.46555658343980844
0.325289757319482
0.48957547494563797
0.2594378347359017
0.2594378347359017
0.2594378347359017
0.550009028432527
0.4386647541489796
0.2594378347359017
0.48957547494563797
0.5314194907246682
0.4386647541489796
0.2594378347359017
0.4386647541489796
0.8199942218367653
0.3713089306898819
0.2594378347359017
0.325289757319482
0.46555658343980844
0.40785657313506996
0.550009028432527
0.325289757319482
0.760570650960002
0.3713089306898819
0.46555658343980844
0.3713089306898819
0.2594378347359017
0.2594378347359017
0.3713089306898819
0.325289757319482
0.2594378347359017
0.2594378347359017
0.2594378347359017
0.46555658343980844
0.2594378347359017
0.3713089306898819
1.1427124617806346
0.4386647541489796
0.2594378347359017
0.2594378347359017
0.6539939257919571
0.3713089306898819
0.40785657313506996
0.40785657313506996
0.325289757319482
0.40785657313506996
0.8277879191098537
0.3713089306898819
0.4386647541489796
0.3713089306898819
1.5345406538996893
0.325289757319482
0.550009028432527
0.40785657313506996
0.2594378347359017
0.2594378347359017
0.7006832533855564
0.325289757319482
0.2594378347359017
0.2594378347359017
0.550009028432527
0.2594378347359017
0.2594378347359017
0.2594378347359017
1.0568950457139141
0.3713089306898819
0.2594378347359017
0.2594378347359017
0.3713089306898819
0.325289757319482
0.2594378347359017
0.325289757319482
0.6278195351121536
0.2594378347359017
0.2594378347359017
0.46555658343980844
0.2594378347359017
0.2594378347359017
0.2594378347359017
0.6781680027663779
0.2594378347359017
0.46555658343980844
0.2594378347359017
0.2594378347359017
0.6663072768420252
0.3713089306898819
0.3713089306898819
0.3713089306898819
0.2594378347359017
0.4386647541489796
0.2594378347359017
0.325289757319482
0.4386647541489796
0.6138421853418234
0.3713089306898819
0.2594378347359017
0.6278195351121536
0.2594378347359017
0.3713089306898819
0.2594378347359017
0.3713089306898819
0.325289757319482
0.2594378347359017
0.2594378347359017
0.5113809473137074
0.40785657313506996
0.5314194907246682
0.3713089306898819
0.3713089306898819
0.40785657313506996
0.2594378347359017
0.5113809473137074
0.2594378347359017
0.40785657313506996
0.550009028432527
0.40785657313506996
0.325289757319482
0.325289757319482
0.2594378347359017
0.2594378347359017
0.8853065999725402
0.3713089306898819
0.2594378347359017
0.3713089306898819
0.325289757319482
0.5673848859428066
0.7417066470989789
0.40785657313506996
0.2594378347359017
0.2594378347359017
0.7512608747088921
0.325289757319482
0.46555658343980844
0.3713089306898819
0.2594378347359017
0.2594378347359017
0.2594378347359017
0.2594378347359017
0.6278195351121536
0.2594378347359017
0.3713089306898819
0.2594378347359017
1.213466412051942
0.40785657313506996
0.2594378347359017
0.2594378347359017
0.48957547494563797
0.2594378347359017
0.2594378347359017
0.5113809473137074
0.2594378347359017
0.325289757319482
0.2594378347359017
0.325289757319482
0.3713089306898819
0.2594378347359017
0.7417066470989789
0.3713089306898819
0.4386647541489796
0.3713089306898819
0.2594378347359017
0.325289757319482
0.5991750132631716
0.2594378347359017
0.2594378347359017
0.2594378347359017
0.40785657313506996
0.40785657313506996
0.3713089306898819
0.325289757319482
0.4386647541489796
0.46555658343980844
0.3713089306898819
0.48957547494563797
0.2594378347359017
0.2594378347359017
0.2594378347359017
0.325289757319482
1.0330394364039952
0.2594378347359017
0.2594378347359017
0.325289757319482
0.2594378347359017
0.2594378347359017
0.2594378347359017
0.5113809473137074
0.2594378347359017
0.2594378347359017
0.6896153121400624
0.40785657313506996
0.2594378347359017
0.2594378347359017
0.46555658343980844
0.2594378347359017
0.40785657313506996
0.46555658343980844
0.7217965753732191
0.6663072768420252
0.2594378347359017
0.325289757319482
0.7006832533855564
0.2594378347359017
0.2594378347359017
0.325289757319482
0.325289757319482
0.2594378347359017
0.325289757319482
0.5837266881285209
0.5837266881285209
0.325289757319482
0.46555658343980844
0.325289757319482
0.325289757319482
0.3713089306898819
0.5837266881285209
0.46555658343980844
0.4386647541489796
0.5314194907246682
0.325289757319482
0.2594378347359017
0.2594378347359017
0.46555658343980844
0.40785657313506996
0.2594378347359017
0.2594378347359017
0.3713089306898819
0.8429363545370313
0.46555658343980844
0.2594378347359017
0.2594378347359017
0.2594378347359017
0.5673848859428066
0.2594378347359017
0.3713089306898819
0.325289757319482
0.2594378347359017
0.2594378347359017
0.3713089306898819
0.46555658343980844
0.40785657313506996
0.2594378347359017
0.3713089306898819
0.2594378347359017
0.2594378347359017
0.2594378347359017
0.325289757319482
0.2594378347359017
0.40785657313506996
0.40785657313506996
0.40785657313506996
0.325289757319482
0.4386647541489796
0.6138421853418234
0.2594378347359017
0.3713089306898819
0.2594378347359017
1.1306808507420942
0.3713089306898819
0.7512608747088921
0.3713089306898819
0.6663072768420252
0.2594378347359017
0.2594378347359017
0.4386647541489796
0.5673848859428066
0.2594378347359017
0.325289757319482
0.2594378347359017
0.2594378347359017
0.3713089306898819
0.48957547494563797
0.2594378347359017
0.2594378347359017
0.40785657313506996
0.325289757319482
0.325289757319482
0.7217965753732191
0.3713089306898819
0.2594378347359017
0.4386647541489796
0.325289757319482
0.2594378347359017
0.4386647541489796
0.2594378347359017
0.2594378347359017
0.2594378347359017
0.2594378347359017
0.46555658343980844
0.2594378347359017
0.3713089306898819
0.2594378347359017
0.48957547494563797
0.325289757319482
0.40785657313506996
0.2594378347359017
0.3713089306898819
0.2594378347359017
0.5314194907246682
0.2594378347359017
0.2594378347359017
0.3713089306898819
0.2594378347359017
0.325289757319482
0.3713089306898819
0.5113809473137074
0.2594378347359017
0.2594378347359017
0.4386647541489796
0.2594378347359017
0.2594378347359017
0.2594378347359017
0.325289757319482
0.2594378347359017
0.325289757319482
0.40785657313506996
0.325289757319482
0.325289757319482
0.2594378347359017
0.4386647541489796
0.48957547494563797
0.4386647541489796
0.325289757319482
0.40785657313506996
0.2594378347359017
0.40785657313506996
0.3713089306898819
0.8354330146363723
0.3713089306898819
0.7956445230529378
0.48957547494563797
0.325289757319482
0.2594378347359017
0.9359998918842564
0.40785657313506996
0.325289757319482
0.2594378347359017
0.2594378347359017
0.2594378347359017
0.325289757319482
0.325289757319482
0.325289757319482
0.325289757319482
0.3713089306898819
0.2594378347359017
0.2594378347359017
0.2594378347359017
0.3713089306898819
0.2594378347359017
0.325289757319482
0.3713089306898819
0.2594378347359017
0.2594378347359017
0.3713089306898819
0.46555658343980844
0.325289757319482
0.325289757319482
0.48957547494563797
0.3713089306898819
0.2594378347359017
0.40785657313506996
0.2594378347359017
0.4386647541489796
0.2594378347359017
0.325289757319482
0.2594378347359017
0.2594378347359017
0.6781680027663779
0.2594378347359017
0.325289757319482
0.325289757319482
0.550009028432527
0.325289757319482
0.2594378347359017
0.325289757319482
0.46555658343980844
0.2594378347359017
0.2594378347359017
0.325289757319482
0.4386647541489796
0.40785657313506996
0.40785657313506996
0.40785657313506996
0.2594378347359017
0.2594378347359017
0.8985389524469903
0.48957547494563797
0.46555658343980844
0.2594378347359017
0.2594378347359017
0.48957547494563797
0.5314194907246682
0.4386647541489796
0.325289757319482
0.2594378347359017
0.2594378347359017
0.2594378347359017
1.0522128118444065
0.325289757319482
0.2594378347359017
0.5314194907246682
0.6278195351121536
0.325289757319482
0.5673848859428066
0.40785657313506996
0.48957547494563797
0.2594378347359017
0.3713089306898819
0.2594378347359017
0.2594378347359017
0.2594378347359017
0.9050069087887602
0.550009028432527
0.5113809473137074
0.2594378347359017
0.2594378347359017
0.4386647541489796
0.325289757319482
0.40785657313506996
0.325289757319482
0.2594378347359017
0.2594378347359017
0.2594378347359017
0.3713089306898819
0.40785657313506996
0.2594378347359017
0.40785657313506996
0.48957547494563797
0.325289757319482
0.2594378347359017
0.2594378347359017
0.4386647541489796
0.2594378347359017
0.2594378347359017
0.325289757319482
0.6278195351121536
0.2594378347359017
0.2594378347359017
0.46555658343980844
0.40785657313506996
0.4386647541489796
0.5113809473137074
0.325289757319482
0.3713089306898819
0.2594378347359017
0.4386647541489796
0.40785657313506996
0.2594378347359017
0.325289757319482
0.3713089306898819
0.325289757319482
0.7871761049229937
0.3713089306898819
0.325289757319482
0.40785657313506996
0.5837266881285209
0.325289757319482
0.5837266881285209
0.325289757319482
0.2594378347359017
0.40785657313506996
0.5837266881285209
0.3713089306898819
0.9238596441118035
0.40785657313506996
0.2594378347359017
0.325289757319482
0.2594378347359017
0.2594378347359017
0.325289757319482
0.4386647541489796
0.2594378347359017
0.2594378347359017
0.325289757319482
0.2594378347359017
0.2594378347359017
0.2594378347359017
0.2594378347359017
0.2594378347359017
0.2594378347359017
0.5113809473137074
0.6539939257919571
0.4386647541489796
0.325289757319482
0.3713089306898819
0.6138421853418234
0.2594378347359017
0.2594378347359017
0.40785657313506996
0.8429363545370313
0.2594378347359017
0.3713089306898819
0.325289757319482
0.6663072768420252
0.5673848859428066
0.40785657313506996
0.48957547494563797
0.9176640211707587
0.3713089306898819
0.2594378347359017
0.325289757319482
0.48957547494563797
0.325289757319482
0.46555658343980844
0.2594378347359017
0.2594378347359017
0.40785657313506996
0.325289757319482
0.2594378347359017
0.2594378347359017
0.3713089306898819
0.2594378347359017
0.325289757319482
0.8985389524469903
0.325289757319482
0.2594378347359017
0.325289757319482
0.2594378347359017
0.3713089306898819
0.325289757319482
0.2594378347359017
0.6138421853418234
0.5314194907246682
0.3713089306898819
0.325289757319482
0.325289757319482
0.325289757319482
0.3713089306898819
0.2594378347359017
0.325289757319482
0.2594378347359017
0.2594378347359017
0.2594378347359017
0.3713089306898819
0.40785657313506996
0.5314194907246682
0.40785657313506996
0.2594378347359017
0.2594378347359017
0.8120445327624772
0.325289757319482
0.760570650960002
0.46555658343980844
0.325289757319482
0.2594378347359017
0.3713089306898819
0.4386647541489796
0.2594378347359017
0.2594378347359017
0.2594378347359017
0.2594378347359017
0.550009028432527
0.325289757319482
0.2594378347359017
0.325289757319482
0.2594378347359017
0.2594378347359017
0.6138421853418234
0.48957547494563797
0.8199942218367653
0.325289757319482
0.2594378347359017
0.40785657313506996
0.2594378347359017
0.2594378347359017
0.325289757319482
0.3713089306898819
0.2594378347359017
0.3713089306898819
0.2594378347359017
0.325289757319482
0.6138421853418234
0.4386647541489796
0.325289757319482
0.2594378347359017
0.5314194907246682
0.2594378347359017
0.325289757319482
0.325289757319482
0.2594378347359017
0.325289757319482
1.0379015519974228
0.3713089306898819
0.3713089306898819
0.40785657313506996
0.325289757319482
0.325289757319482
0.325289757319482
0.3713089306898819
0.2594378347359017
0.3713089306898819
0.6663072768420252
0.325289757319482
0.2594378347359017
0.2594378347359017
1.0474871672606596
0.2594378347359017
0.5837266881285209
0.2594378347359017
0.2594378347359017
0.40785657313506996
0.2594378347359017
0.325289757319482
0.2594378347359017
0.3713089306898819
0.2594378347359017
0.3713089306898819
0.6781680027663779
0.2594378347359017
0.2594378347359017
0.325289757319482
0.2594378347359017
0.2594378347359017
0.325289757319482
0.3713089306898819
0.3713089306898819
0.325289757319482
0.3713089306898819
0.40785657313506996
1.1387310465521898
0.2594378347359017
0.2594378347359017
0.3713089306898819
0.3713089306898819
0.4386647541489796
0.550009028432527
0.3713089306898819
0.2594378347359017
0.40785657313506996
0.3713089306898819
0.40785657313506996
0.4386647541489796
0.2594378347359017
0.4386647541489796
0.325289757319482
0.40785657313506996
0.2594378347359017
0.5113809473137074
0.2594378347359017
0.46555658343980844
0.2594378347359017
0.2594378347359017
0.4386647541489796
0.2594378347359017
0.2594378347359017
0.325289757319482
0.2594378347359017
0.2594378347359017
0.325289757319482
0.48957547494563797
0.2594378347359017
0.40785657313506996
0.2594378347359017
0.325289757319482
0.5314194907246682
0.2594378347359017
0.2594378347359017
0.550009028432527
0.2594378347359017
0.2594378347359017
0.2594378347359017
0.5673848859428066
0.3713089306898819
0.2594378347359017
0.2594378347359017
0.760570650960002
0.2594378347359017
0.3713089306898819
0.2594378347359017
0.4386647541489796
0.2594378347359017
0.40785657313506996
0.2594378347359017
0.2594378347359017
0.2594378347359017
0.48957547494563797
0.2594378347359017
0.325289757319482
0.2594378347359017
0.2594378347359017
0.2594378347359017
0.9113808232176517
0.2594378347359017
0.2594378347359017
0.5113809473137074
0.2594378347359017
0.2594378347359017
0.2594378347359017
0.2594378347359017
0.5314194907246682
0.2594378347359017
0.5113809473137074
0.2594378347359017
0.2594378347359017
0.3713089306898819
0.325289757319482
0.325289757319482
0.2594378347359017
0.3713089306898819
0.5991750132631716
0.2594378347359017
0.2594378347359017
0.325289757319482
0.5991750132631716
0.6411824413305711
0.2594378347359017
0.2594378347359017
0.550009028432527
0.2594378347359017
0.550009028432527
0.325289757319482
0.325289757319482
0.2594378347359017
0.2594378347359017
0.325289757319482
0.2594378347359017
0.6896153121400624
0.2594378347359017
0.2594378347359017
0.48957547494563797
0.2594378347359017
0.2594378347359017
0.2594378347359017
0.325289757319482
0.2594378347359017
0.325289757319482
0.2594378347359017
0.2594378347359017
0.5314194907246682
0.2594378347359017
0.325289757319482
0.2594378347359017
0.2594378347359017
0.2594378347359017
0.2594378347359017
0.2594378347359017
0.325289757319482
0.325289757319482
0.325289757319482
0.3713089306898819
0.40785657313506996
0.48957547494563797
0.4386647541489796
0.40785657313506996
0.2594378347359017
0.5673848859428066
0.40785657313506996
0.2594378347359017
0.2594378347359017
0.2594378347359017
0.2594378347359017
0.4386647541489796
0.325289757319482
0.7512608747088921
0.2594378347359017
0.2594378347359017
0.3713089306898819
0.891973429645812
0.325289757319482
0.2594378347359017
0.325289757319482
0.6663072768420252
0.2594378347359017
0.3713089306898819
0.3713089306898819
0.2594378347359017
0.2594378347359017
0.7006832533855564
0.5991750132631716
0.6539939257919571
0.325289757319482
0.2594378347359017
0.3713089306898819
0.2594378347359017
0.325289757319482
0.2594378347359017
0.325289757319482
0.6138421853418234
0.325289757319482
0.2594378347359017
0.4386647541489796
0.2594378347359017
0.2594378347359017
0.7217965753732191
0.2594378347359017
0.2594378347359017
0.325289757319482
0.2594378347359017
0.3713089306898819
0.2594378347359017
0.325289757319482
0.325289757319482
0.325289757319482
0.2594378347359017
0.2594378347359017
0.2594378347359017
0.2594378347359017
0.40785657313506996
0.3713089306898819
0.2594378347359017
0.2594378347359017
0.2594378347359017
0.2594378347359017
0.4386647541489796
0.48957547494563797
0.2594378347359017
0.2594378347359017
0.6539939257919571
0.325289757319482
0.5837266881285209
0.325289757319482
0.2594378347359017
0.2594378347359017
0.2594378347359017
0.2594378347359017
0.2594378347359017
0.325289757319482
0.3713089306898819
0.2594378347359017
0.325289757319482
0.2594378347359017
0.325289757319482
0.2594378347359017
0.3713089306898819
0.2594378347359017
0.6138421853418234
0.325289757319482
0.2594378347359017
0.2594378347359017
0.325289757319482
0.2594378347359017
0.40785657313506996
0.2594378347359017
0.2594378347359017
0.2594378347359017
0.325289757319482
0.2594378347359017
1.0330394364039952
0.325289757319482
0.6539939257919571
0.2594378347359017
0.2594378347359017
0.325289757319482
0.2594378347359017
0.2594378347359017
0.325289757319482
0.3713089306898819
0.6138421853418234
0.40785657313506996
0.2594378347359017
0.325289757319482
0.2594378347359017
0.2594378347359017
0.2594378347359017
0.3713089306898819
0.325289757319482
0.2594378347359017
0.2594378347359017
0.2594378347359017
0.2594378347359017
0.325289757319482
0.7318913716479434
0.2594378347359017
0.2594378347359017
0.325289757319482
0.40785657313506996
0.325289757319482
0.2594378347359017
0.2594378347359017
0.5113809473137074
0.325289757319482
0.2594378347359017
0.325289757319482
0.2594378347359017
0.325289757319482
0.2594378347359017
0.325289757319482
0.2594378347359017
0.2594378347359017
0.2594378347359017
0.2594378347359017
0.3713089306898819
0.2594378347359017
1.1266109975097467
0.6278195351121536
0.2594378347359017
0.325289757319482
0.550009028432527
0.325289757319482
0.2594378347359017
0.2594378347359017
0.2594378347359017
0.325289757319482
0.325289757319482
0.325289757319482
0.2594378347359017
0.3713089306898819
0.9238596441118035
0.325289757319482
0.3713089306898819
0.325289757319482
0.5314194907246682
0.2594378347359017
0.5991750132631716
0.40785657313506996
0.2594378347359017
0.2594378347359017
0.2594378347359017
0.40785657313506996
0.2594378347359017
0.2594378347359017
0.2594378347359017
0.325289757319482
0.2594378347359017
0.3713089306898819
0.2594378347359017
0.325289757319482
0.4386647541489796
0.2594378347359017
0.40785657313506996
0.2594378347359017
0.2594378347359017
0.2594378347359017
0.2594378347359017
0.5673848859428066
0.4386647541489796
0.325289757319482
0.6278195351121536
0.2594378347359017
0.325289757319482
0.2594378347359017
0.325289757319482
0.2594378347359017
0.2594378347359017
0.2594378347359017
0.6781680027663779
0.3713089306898819
0.46555658343980844
0.325289757319482
0.40785657313506996
0.2594378347359017
0.2594378347359017
0.2594378347359017
0.2594378347359017
0.2594378347359017
1.0131018868271824
0.5673848859428066
0.9536228311762996
0.325289757319482
0.2594378347359017
0.2594378347359017
0.325289757319482
0.325289757319482
0.325289757319482
0.2594378347359017
0.2594378347359017
0.2594378347359017
0.2594378347359017
0.2594378347359017
0.46555658343980844
0.2594378347359017
1.0231709109748572
0.325289757319482
0.2594378347359017
0.325289757319482
0.325289757319482
0.5837266881285209
0.325289757319482
0.40785657313506996
0.4386647541489796
0.2594378347359017
0.325289757319482
0.2594378347359017
0.5113809473137074
0.40785657313506996
0.48957547494563797
0.325289757319482
0.2594378347359017
0.2594378347359017
0.2594378347359017
0.2594378347359017
0.2594378347359017
0.2594378347359017
0.550009028432527
0.40785657313506996
0.3713089306898819
0.325289757319482
0.2594378347359017
0.2594378347359017
0.46555658343980844
0.2594378347359017
0.325289757319482
0.325289757319482
0.48957547494563797
0.3713089306898819
0.550009028432527
0.2594378347359017
0.325289757319482
0.325289757319482
0.325289757319482
0.4386647541489796
0.2594378347359017
0.2594378347359017
0.40785657313506996
0.325289757319482
0.325289757319482
0.325289757319482
0.2594378347359017
0.2594378347359017
0.40785657313506996
0.325289757319482
0.46555658343980844
0.3713089306898819
0.2594378347359017
0.325289757319482
0.2594378347359017
0.2594378347359017
0.2594378347359017
0.3713089306898819
0.2594378347359017
0.3713089306898819
0.2594378347359017
0.2594378347359017
0.40785657313506996
0.3713089306898819
0.2594378347359017
0.3713089306898819
0.325289757319482
0.325289757319482
0.9536228311762996
0.2594378347359017
0.3713089306898819
0.4386647541489796
0.325289757319482
0.2594378347359017
0.8853065999725402
0.325289757319482
0.4386647541489796
0.325289757319482
0.46555658343980844
0.325289757319482
0.2594378347359017
0.325289757319482
0.40785657313506996
0.2594378347359017
0.8039308566934782
0.3713089306898819
0.46555658343980844
0.40785657313506996
0.2594378347359017
0.2594378347359017
0.2594378347359017
0.325289757319482
0.3713089306898819
0.2594378347359017
0.2594378347359017
0.325289757319482
0.2594378347359017
0.2594378347359017
0.325289757319482
0.2594378347359017
0.46555658343980844
0.2594378347359017
1.0379015519974228
0.3713089306898819
0.2594378347359017
0.2594378347359017
0.2594378347359017
0.2594378347359017
0.325289757319482
0.2594378347359017
0.3713089306898819
0.2594378347359017
1.6085047190842323
0.5113809473137074
0.2594378347359017
0.2594378347359017
0.3713089306898819
0.325289757319482
0.2594378347359017
0.2594378347359017
0.40785657313506996
0.325289757319482
0.3713089306898819
0.2594378347359017
0.2594378347359017
0.3713089306898819
0.46555658343980844
0.3713089306898819
0.2594378347359017
0.2594378347359017
0.550009028432527
0.2594378347359017
0.325289757319482
0.2594378347359017
0.325289757319482
0.325289757319482
0.2594378347359017
0.2594378347359017
0.2594378347359017
0.2594378347359017
0.2594378347359017
0.325289757319482
0.48957547494563797
0.2594378347359017
0.2594378347359017
0.2594378347359017
0.40785657313506996
0.2594378347359017
0.550009028432527
0.2594378347359017
0.2594378347359017
0.2594378347359017
0.2594378347359017
0.3713089306898819
0.3713089306898819
0.2594378347359017
0.2594378347359017
0.325289757319482
0.7318913716479434
0.2594378347359017
0.2594378347359017
0.2594378347359017
0.3713089306898819
0.40785657313506996
0.2594378347359017
0.2594378347359017
0.8853065999725402
0.3713089306898819
0.5113809473137074
0.2594378347359017
0.40785657313506996
0.325289757319482
0.48957547494563797
0.325289757319482
0.2594378347359017
0.325289757319482
0.2594378347359017
0.325289757319482
0.2594378347359017
0.2594378347359017
0.3713089306898819
0.3713089306898819
0.5673848859428066
0.2594378347359017
0.891973429645812
0.325289757319482
0.325289757319482
0.2594378347359017
0.2594378347359017
0.2594378347359017
0.2594378347359017
0.2594378347359017
0.2594378347359017
0.2594378347359017
0.2594378347359017
0.325289757319482
0.5314194907246682
0.325289757319482
0.5673848859428066
0.2594378347359017
0.40785657313506996
0.46555658343980844
0.2594378347359017
0.2594378347359017
0.5314194907246682
0.2594378347359017
0.4386647541489796
0.46555658343980844
0.4386647541489796
0.2594378347359017
0.48957547494563797
0.325289757319482
0.6781680027663779
0.325289757319482
0.6138421853418234
0.325289757319482
0.3713089306898819
0.2594378347359017
0.3713089306898819
0.2594378347359017
0.2594378347359017
0.325289757319482
0.5113809473137074
0.3713089306898819
0.2594378347359017
0.2594378347359017
0.2594378347359017
0.2594378347359017
0.2594378347359017
0.2594378347359017
0.2594378347359017
0.325289757319482
0.325289757319482
0.2594378347359017
0.325289757319482
0.2594378347359017
0.46555658343980844
0.2594378347359017
0.40785657313506996
0.2594378347359017
0.2594378347359017
0.325289757319482
0.2594378347359017
0.3713089306898819
0.2594378347359017
0.2594378347359017
0.325289757319482
0.2594378347359017
0.325289757319482
0.2594378347359017
0.48957547494563797
0.2594378347359017
0.2594378347359017
0.2594378347359017
0.48957547494563797
0.325289757319482
0.3713089306898819
0.2594378347359017
0.3713089306898819
0.325289757319482
0.2594378347359017
0.3713089306898819
0.3713089306898819
0.2594378347359017
0.2594378347359017
0.2594378347359017
0.4386647541489796
0.2594378347359017
0.3713089306898819
0.2594378347359017
0.4386647541489796
0.40785657313506996
0.2594378347359017
0.2594378347359017
0.5314194907246682
0.2594378347359017
0.48957547494563797
0.2594378347359017
0.2594378347359017
0.2594378347359017
0.2594378347359017
0.2594378347359017
0.2594378347359017
0.2594378347359017
0.3713089306898819
0.40785657313506996
0.2594378347359017
0.46555658343980844
0.2594378347359017
0.2594378347359017
0.2594378347359017
0.2594378347359017
0.2594378347359017
0.2594378347359017
0.2594378347359017
0.2594378347359017
0.2594378347359017
0.2594378347359017
0.5113809473137074
0.325289757319482
0.325289757319482
0.2594378347359017
0.2594378347359017
0.325289757319482
0.325289757319482
0.4386647541489796
0.2594378347359017
0.325289757319482
0.40785657313506996
0.2594378347359017
0.3713089306898819
0.2594378347359017
0.325289757319482
0.325289757319482
0.2594378347359017
0.325289757319482
0.2594378347359017
0.2594378347359017
0.3713089306898819
0.3713089306898819
0.2594378347359017
0.2594378347359017
0.2594378347359017
0.2594378347359017
0.325289757319482
0.40785657313506996
0.46555658343980844
0.325289757319482
0.7006832533855564
0.325289757319482
0.8429363545370313
0.2594378347359017
0.325289757319482
0.325289757319482
0.2594378347359017
0.2594378347359017
0.5991750132631716
0.2594378347359017
0.5113809473137074
0.2594378347359017
0.2594378347359017
0.2594378347359017
0.2594378347359017
0.2594378347359017
0.2594378347359017
0.325289757319482
0.2594378347359017
0.2594378347359017
0.5314194907246682
0.2594378347359017
0.2594378347359017
0.325289757319482
0.2594378347359017
0.2594378347359017
0.325289757319482
0.3713089306898819
0.4386647541489796
0.2594378347359017
0.5113809473137074
0.2594378347359017
0.2594378347359017
0.2594378347359017
0.2594378347359017
0.2594378347359017
0.2594378347359017
0.325289757319482
0.325289757319482
0.325289757319482
0.2594378347359017
0.2594378347359017
0.325289757319482
0.40785657313506996
0.2594378347359017
0.3713089306898819
0.325289757319482
0.325289757319482
0.2594378347359017
0.2594378347359017
0.8429363545370313
0.2594378347359017
0.2594378347359017
0.40785657313506996
0.3713089306898819
0.2594378347359017
0.3713089306898819
0.2594378347359017
0.3713089306898819
0.2594378347359017
0.2594378347359017
0.6781680027663779
0.2594378347359017
0.325289757319482
0.2594378347359017
0.2594378347359017
0.2594378347359017
0.2594378347359017
0.2594378347359017
0.2594378347359017
0.325289757319482
0.40785657313506996
0.2594378347359017
0.325289757319482
0.2594378347359017
0.2594378347359017
0.48957547494563797
0.3713089306898819
0.2594378347359017
0.2594378347359017
0.4386647541489796
0.3713089306898819
0.5837266881285209
0.4386647541489796
0.6781680027663779
0.2594378347359017
0.2594378347359017
0.325289757319482
0.7512608747088921
0.2594378347359017
0.40785657313506996
0.2594378347359017
0.325289757319482
0.325289757319482
0.5314194907246682
0.2594378347359017
0.40785657313506996
0.325289757319482
0.2594378347359017
0.2594378347359017
0.2594378347359017
0.2594378347359017
0.2594378347359017
0.2594378347359017
0.3713089306898819
0.3713089306898819
0.325289757319482
0.325289757319482
0.5991750132631716
0.325289757319482
0.2594378347359017
0.2594378347359017
0.48957547494563797
0.2594378347359017
0.2594378347359017
0.2594378347359017
0.2594378347359017
0.2594378347359017
0.5837266881285209
0.46555658343980844
0.2594378347359017
0.325289757319482
0.2594378347359017
0.2594378347359017
0.2594378347359017
0.325289757319482
0.2594378347359017
0.2594378347359017
0.2594378347359017
0.3713089306898819
0.4386647541489796
0.2594378347359017
0.7318913716479434
0.325289757319482
0.2594378347359017
0.325289757319482
0.2594378347359017
0.2594378347359017
0.2594378347359017
0.2594378347359017
0.40785657313506996
0.2594378347359017
0.2594378347359017
0.325289757319482
0.2594378347359017
0.2594378347359017
0.325289757319482
0.3713089306898819
0.2594378347359017
0.2594378347359017
0.2594378347359017
0.2594378347359017
0.2594378347359017
0.2594378347359017
0.325289757319482
0.2594378347359017
0.2594378347359017
0.2594378347359017
0.48957547494563797
0.2594378347359017
0.2594378347359017
0.325289757319482
0.2594378347359017
0.2594378347359017
0.2594378347359017
0.2594378347359017
0.2594378347359017
0.2594378347359017
0.2594378347359017
0.325289757319482
0.2594378347359017
0.2594378347359017
0.2594378347359017
0.46555658343980844
0.9113808232176517
0.2594378347359017
0.5673848859428066
0.2594378347359017
0.5837266881285209
0.2594378347359017
0.2594378347359017
0.2594378347359017
0.2594378347359017
0.46555658343980844
0.2594378347359017
0.2594378347359017
0.325289757319482
0.2594378347359017
0.3713089306898819
0.2594378347359017
0.2594378347359017
0.2594378347359017
0.3713089306898819
0.4386647541489796
0.2594378347359017
0.3713089306898819
0.325289757319482
0.325289757319482
0.3713089306898819
0.3713089306898819
0.2594378347359017
0.2594378347359017
0.2594378347359017
0.3713089306898819
0.5314194907246682
0.2594378347359017
0.7871761049229937
0.2594378347359017
0.3713089306898819
0.2594378347359017
0.2594378347359017
0.2594378347359017
0.6539939257919571
0.325289757319482
0.325289757319482
0.2594378347359017
0.2594378347359017
0.2594378347359017
0.46555658343980844
0.2594378347359017
0.325289757319482
0.2594378347359017
0.7114016043302144
0.325289757319482
0.2594378347359017
0.2594378347359017
0.2594378347359017
0.2594378347359017
0.2594378347359017
0.2594378347359017
0.325289757319482
0.2594378347359017
0.46555658343980844
0.2594378347359017
0.2594378347359017
0.2594378347359017
0.4386647541489796
0.2594378347359017
0.2594378347359017
0.3713089306898819
0.2594378347359017
0.2594378347359017
0.2594378347359017
0.2594378347359017
0.2594378347359017
0.325289757319482
0.2594378347359017
0.2594378347359017
0.2594378347359017
0.40785657313506996
0.325289757319482
0.325289757319482
0.2594378347359017
0.2594378347359017
0.2594378347359017
0.3713089306898819
0.4386647541489796
0.325289757319482
0.2594378347359017
0.2594378347359017
0.5314194907246682
0.2594378347359017
0.325289757319482
0.2594378347359017
0.325289757319482
0.325289757319482
0.40785657313506996
0.2594378347359017
0.2594378347359017
0.2594378347359017
0.2594378347359017
0.2594378347359017
0.2594378347359017
0.40785657313506996
0.2594378347359017
0.2594378347359017
0.2594378347359017
0.48957547494563797
0.2594378347359017
0.2594378347359017
0.6278195351121536
0.325289757319482
0.550009028432527
0.325289757319482
0.325289757319482
0.2594378347359017
0.2594378347359017
0.40785657313506996
0.6411824413305711
0.2594378347359017
0.3713089306898819
0.2594378347359017
0.325289757319482
0.2594378347359017
0.2594378347359017
0.2594378347359017
0.325289757319482
0.325289757319482
0.2594378347359017
0.2594378347359017
0.2594378347359017
0.40785657313506996
0.3713089306898819
0.40785657313506996
0.2594378347359017
0.3713089306898819
0.6138421853418234
0.2594378347359017
0.40785657313506996
0.2594378347359017
0.46555658343980844
0.2594378347359017
0.5837266881285209
0.2594378347359017
0.325289757319482
0.325289757319482
0.2594378347359017
0.3713089306898819
0.2594378347359017
0.2594378347359017
0.2594378347359017
0.2594378347359017
0.2594378347359017
0.2594378347359017
0.325289757319482
0.2594378347359017
0.5113809473137074
0.2594378347359017
0.48957547494563797
0.2594378347359017
0.2594378347359017
0.2594378347359017
0.2594378347359017
0.325289757319482
0.2594378347359017
0.40785657313506996
0.325289757319482
0.2594378347359017
0.325289757319482
0.325289757319482
0.2594378347359017
0.2594378347359017
0.2594378347359017
0.2594378347359017
0.2594378347359017
0.3713089306898819
1.0427170980658187
0.3713089306898819
0.2594378347359017
0.3713089306898819
0.2594378347359017
0.2594378347359017
0.48957547494563797
0.2594378347359017
0.325289757319482
0.3713089306898819
0.2594378347359017
0.325289757319482
0.325289757319482
0.325289757319482
0.325289757319482
0.2594378347359017
0.2594378347359017
0.2594378347359017
0.2594378347359017
0.325289757319482
0.2594378347359017
0.2594378347359017
0.48957547494563797
0.2594378347359017
0.3713089306898819
0.2594378347359017
0.2594378347359017
0.325289757319482
0.325289757319482
0.2594378347359017
0.2594378347359017
0.325289757319482
0.5673848859428066
0.2594378347359017
0.4386647541489796
0.2594378347359017
0.2594378347359017
0.325289757319482
0.2594378347359017
0.40785657313506996
0.6781680027663779
0.2594378347359017
0.2594378347359017
0.2594378347359017
0.2594378347359017
0.5314194907246682
0.2594378347359017
0.2594378347359017
0.2594378347359017
0.2594378347359017
0.3713089306898819
0.325289757319482
0.9923197018822508
0.40785657313506996
0.4386647541489796
0.40785657313506996
0.2594378347359017
0.2594378347359017
0.8354330146363723
0.2594378347359017
0.6411824413305711
0.2594378347359017
0.4386647541489796
0.2594378347359017
0.325289757319482
0.2594378347359017
0.325289757319482
0.2594378347359017
0.325289757319482
0.325289757319482
0.2594378347359017
0.325289757319482
0.2594378347359017
0.4386647541489796
0.2594378347359017
0.2594378347359017
0.40785657313506996
0.325289757319482
0.325289757319482
0.325289757319482
0.5673848859428066
0.40785657313506996
0.2594378347359017
0.2594378347359017
0.2594378347359017
0.325289757319482
0.2594378347359017
0.325289757319482
0.2594378347359017
0.2594378347359017
0.2594378347359017
0.2594378347359017
0.2594378347359017
0.2594378347359017
0.46555658343980844
0.2594378347359017
0.2594378347359017
0.325289757319482
0.325289757319482
0.2594378347359017
0.7696509481956081
0.48957547494563797
0.2594378347359017
0.2594378347359017
0.325289757319482
0.2594378347359017
0.2594378347359017
0.2594378347359017
0.6663072768420252
0.3713089306898819
0.2594378347359017
0.2594378347359017
0.325289757319482
0.3713089306898819
0.325289757319482
0.2594378347359017
0.40785657313506996
0.2594378347359017
0.2594378347359017
0.2594378347359017
0.2594378347359017
0.325289757319482
0.2594378347359017
0.2594378347359017
0.3713089306898819
0.325289757319482
0.2594378347359017
0.2594378347359017
0.2594378347359017
0.2594378347359017
0.5314194907246682
0.40785657313506996
0.325289757319482
0.2594378347359017
0.2594378347359017
0.325289757319482
0.2594378347359017
0.325289757319482
0.48957547494563797
0.325289757319482
0.4386647541489796
0.2594378347359017
0.325289757319482
0.2594378347359017
0.325289757319482
0.325289757319482
0.40785657313506996
0.3713089306898819
0.2594378347359017
0.2594378347359017
0.40785657313506996
0.2594378347359017
0.8503042945385232
0.4386647541489796
0.40785657313506996
0.2594378347359017
0.2594378347359017
0.325289757319482
0.8039308566934782
0.2594378347359017
0.2594378347359017
0.2594378347359017
0.2594378347359017
0.2594378347359017
0.2594378347359017
0.325289757319482
0.48957547494563797
0.3713089306898819
0.550009028432527
0.2594378347359017
0.325289757319482
0.2594378347359017
0.325289757319482
0.2594378347359017
0.3713089306898819
0.3713089306898819
0.6411824413305711
0.2594378347359017
0.2594378347359017
0.2594378347359017
0.2594378347359017
0.2594378347359017
0.325289757319482
0.2594378347359017
0.2594378347359017
0.2594378347359017
0.2594378347359017
0.325289757319482
0.325289757319482
0.2594378347359017
0.2594378347359017
0.2594378347359017
1.276597535215788
0.2594378347359017
0.2594378347359017
0.2594378347359017
0.3713089306898819
0.2594378347359017
0.2594378347359017
0.325289757319482
0.2594378347359017
0.2594378347359017
0.325289757319482
0.2594378347359017
0.2594378347359017
0.325289757319482
0.325289757319482
0.2594378347359017
0.7417066470989789
0.2594378347359017
0.2594378347359017
0.2594378347359017
0.2594378347359017
0.325289757319482
0.2594378347359017
0.325289757319482
0.2594378347359017
0.2594378347359017
0.2594378347359017
0.2594378347359017
0.2594378347359017
0.2594378347359017
0.2594378347359017
0.2594378347359017
0.46555658343980844
0.2594378347359017
0.2594378347359017
0.2594378347359017
0.2594378347359017
0.2594378347359017
0.2594378347359017
0.2594378347359017
0.2594378347359017
0.325289757319482
0.2594378347359017
0.2594378347359017
0.2594378347359017
0.2594378347359017
0.6539939257919571
0.2594378347359017
0.325289757319482
0.2594378347359017
0.2594378347359017
0.2594378347359017
0.5673848859428066
0.2594378347359017
0.2594378347359017
0.2594378347359017
0.2594378347359017
0.3713089306898819
0.325289757319482
0.2594378347359017
0.2594378347359017
0.325289757319482
0.2594378347359017
0.2594378347359017
0.5673848859428066
0.3713089306898819
0.325289757319482
0.2594378347359017
0.2594378347359017
0.2594378347359017
0.2594378347359017
0.2594378347359017
0.2594378347359017
0.2594378347359017
0.2594378347359017
0.2594378347359017
0.2594378347359017
0.325289757319482
0.4386647541489796
0.325289757319482
0.2594378347359017
0.2594378347359017
0.2594378347359017
0.325289757319482
0.2594378347359017
0.325289757319482
0.2594378347359017
0.2594378347359017
0.2594378347359017
0.325289757319482
0.5837266881285209
0.3713089306898819
0.2594378347359017
0.2594378347359017
0.2594378347359017
0.2594378347359017
0.2594378347359017
0.2594378347359017
0.325289757319482
0.325289757319482
0.46555658343980844
0.46555658343980844
0.325289757319482
0.2594378347359017
0.40785657313506996
0.325289757319482
0.3713089306898819
0.2594378347359017
0.2594378347359017
0.2594378347359017
0.2594378347359017
0.2594378347359017
0.2594378347359017
0.2594378347359017
0.2594378347359017
0.2594378347359017
0.2594378347359017
0.325289757319482
0.40785657313506996
0.2594378347359017
0.5113809473137074
0.325289757319482
0.2594378347359017
0.2594378347359017
0.2594378347359017
0.48957547494563797
2.1520835106734277
0.4386647541489796
0.5314194907246682
0.2594378347359017
0.6781680027663779
0.2594378347359017
0.3713089306898819
0.3713089306898819
0.325289757319482
0.2594378347359017
0.2594378347359017
0.2594378347359017
0.6896153121400624
0.2594378347359017
0.325289757319482
0.325289757319482
0.48957547494563797
0.2594378347359017
0.2594378347359017
0.2594378347359017
0.2594378347359017
0.325289757319482
0.48957547494563797
0.325289757319482
0.2594378347359017
0.2594378347359017
0.2594378347359017
0.2594378347359017
0.2594378347359017
0.2594378347359017
0.2594378347359017
0.2594378347359017
0.48957547494563797
0.2594378347359017
0.2594378347359017
0.2594378347359017
0.3713089306898819
0.3713089306898819
0.325289757319482
0.325289757319482
0.3713089306898819
0.3713089306898819
0.5314194907246682
0.2594378347359017
0.5113809473137074
0.2594378347359017
0.2594378347359017
0.3713089306898819
0.2594378347359017
0.2594378347359017
0.2594378347359017
0.3713089306898819
0.2594378347359017
0.2594378347359017
0.2594378347359017
0.2594378347359017
0.2594378347359017
0.2594378347359017
0.2594378347359017
0.3713089306898819
0.2594378347359017
0.2594378347359017
0.2594378347359017
0.2594378347359017
0.2594378347359017
0.2594378347359017
0.5314194907246682
0.40785657313506996
0.325289757319482
0.325289757319482
0.5314194907246682
0.2594378347359017
0.2594378347359017
0.2594378347359017
0.7006832533855564
0.4386647541489796
0.2594378347359017
0.2594378347359017
0.2594378347359017
0.2594378347359017
0.2594378347359017
0.2594378347359017
0.5673848859428066
0.325289757319482
0.2594378347359017
0.2594378347359017
0.2594378347359017
0.2594378347359017
0.325289757319482
0.2594378347359017
0.2594378347359017
0.2594378347359017
0.48957547494563797
0.3713089306898819
0.6663072768420252
0.2594378347359017
0.2594378347359017
0.2594378347359017
0.5314194907246682
0.40785657313506996
0.2594378347359017
0.2594378347359017
0.5314194907246682
0.2594378347359017
0.2594378347359017
0.2594378347359017
0.2594378347359017
0.2594378347359017
0.2594378347359017
0.325289757319482
0.2594378347359017
0.325289757319482
0.2594378347359017
0.2594378347359017
0.4386647541489796
0.2594378347359017
1.1956765660006068
0.325289757319482
0.2594378347359017
0.2594378347359017
0.5991750132631716
0.2594378347359017
0.325289757319482
0.3713089306898819
0.2594378347359017
0.5113809473137074
0.2594378347359017
0.2594378347359017
0.2594378347359017
0.3713089306898819
0.2594378347359017
0.2594378347359017
0.7417066470989789
0.2594378347359017
0.3713089306898819
0.325289757319482
0.2594378347359017
0.2594378347359017
0.40785657313506996
0.325289757319482
0.5113809473137074
0.325289757319482
0.2594378347359017
0.2594378347359017
0.2594378347359017
0.2594378347359017
0.2594378347359017
0.2594378347359017
0.3713089306898819
0.2594378347359017
0.46555658343980844
0.325289757319482
0.2594378347359017
0.2594378347359017
0.2594378347359017
0.2594378347359017
0.325289757319482
0.3713089306898819
0.2594378347359017
0.2594378347359017
0.5314194907246682
0.2594378347359017
0.2594378347359017
0.2594378347359017
0.325289757319482
0.2594378347359017
0.2594378347359017
0.3713089306898819
0.2594378347359017
0.325289757319482
0.325289757319482
0.325289757319482
0.3713089306898819
0.325289757319482
0.5113809473137074
0.2594378347359017
0.2594378347359017
0.2594378347359017
0.46555658343980844
0.2594378347359017
0.46555658343980844
0.2594378347359017
0.2594378347359017
0.325289757319482
0.2594378347359017
0.2594378347359017
0.2594378347359017
0.3713089306898819
0.2594378347359017
0.2594378347359017
0.2594378347359017
0.2594378347359017
0.3713089306898819
0.2594378347359017
0.2594378347359017
0.325289757319482
0.2594378347359017
0.2594378347359017
0.4386647541489796
0.2594378347359017
0.2594378347359017
0.2594378347359017
0.2594378347359017
0.2594378347359017
0.2594378347359017
0.2594378347359017
0.2594378347359017
0.46555658343980844
0.2594378347359017
0.2594378347359017
0.2594378347359017
0.325289757319482
0.2594378347359017
0.2594378347359017
0.2594378347359017
0.40785657313506996
0.2594378347359017
0.2594378347359017
0.2594378347359017
0.325289757319482
0.2594378347359017
0.2594378347359017
0.5837266881285209
0.3713089306898819
0.2594378347359017
0.2594378347359017
0.2594378347359017
0.3713089306898819
0.2594378347359017
0.2594378347359017
0.3713089306898819
0.2594378347359017
0.2594378347359017
0.2594378347359017
0.2594378347359017
0.325289757319482
0.2594378347359017
0.2594378347359017
0.550009028432527
0.4386647541489796
0.2594378347359017
0.2594378347359017
0.2594378347359017
0.2594378347359017
0.2594378347359017
0.2594378347359017
0.4386647541489796
0.2594378347359017
0.2594378347359017
0.2594378347359017
0.3713089306898819
0.2594378347359017
0.2594378347359017
0.2594378347359017
0.2594378347359017
0.3713089306898819
0.3713089306898819
0.2594378347359017
0.325289757319482
0.325289757319482
0.5673848859428066
0.325289757319482
0.7785153253230689
0.3713089306898819
0.2594378347359017
0.2594378347359017
0.2594378347359017
0.2594378347359017
0.2594378347359017
0.325289757319482
0.2594378347359017
0.325289757319482
0.2594378347359017
0.325289757319482
0.325289757319482
0.325289757319482
0.8716528653838647
0.2594378347359017
0.325289757319482
0.2594378347359017
0.2594378347359017
0.2594378347359017
0.4386647541489796
0.2594378347359017
0.46555658343980844
0.2594378347359017
0.325289757319482
0.325289757319482
0.6539939257919571
0.2594378347359017
0.2594378347359017
0.2594378347359017
0.2594378347359017
0.325289757319482
0.2594378347359017
0.2594378347359017
0.2594378347359017
0.2594378347359017
0.2594378347359017
0.2594378347359017
0.46555658343980844
0.2594378347359017
0.46555658343980844
0.2594378347359017
0.2594378347359017
0.325289757319482
0.2594378347359017
0.2594378347359017
0.325289757319482
0.2594378347359017
0.325289757319482
0.2594378347359017
0.325289757319482
0.2594378347359017
0.2594378347359017
0.2594378347359017
0.2594378347359017
0.2594378347359017
0.2594378347359017
0.2594378347359017
0.40785657313506996
0.3713089306898819
0.2594378347359017
0.48957547494563797
0.40785657313506996
0.2594378347359017
0.2594378347359017
0.2594378347359017
0.48957547494563797
0.2594378347359017
0.2594378347359017
0.325289757319482
0.4386647541489796
0.2594378347359017
0.2594378347359017
0.2594378347359017
0.2594378347359017
0.3713089306898819
0.325289757319482
0.2594378347359017
0.40785657313506996
0.2594378347359017
0.2594378347359017
0.2594378347359017
0.2594378347359017
0.2594378347359017
0.4386647541489796
0.3713089306898819
0.7217965753732191
0.2594378347359017
0.2594378347359017
0.325289757319482
0.2594378347359017
0.2594378347359017
0.2594378347359017
0.2594378347359017
0.6138421853418234
0.2594378347359017
0.325289757319482
0.2594378347359017
0.2594378347359017
0.2594378347359017
0.325289757319482
0.325289757319482
0.325289757319482
0.2594378347359017
0.2594378347359017
0.325289757319482
0.2594378347359017
0.2594378347359017
0.325289757319482
0.2594378347359017
0.2594378347359017
0.2594378347359017
0.325289757319482
0.40785657313506996
0.2594378347359017
0.46555658343980844
0.2594378347359017
0.325289757319482
0.8039308566934782
0.325289757319482
0.3713089306898819
0.325289757319482
0.2594378347359017
0.3713089306898819
0.7512608747088921
0.325289757319482
0.2594378347359017
0.3713089306898819
0.2594378347359017
0.2594378347359017
0.6663072768420252
0.2594378347359017
0.2594378347359017
0.325289757319482
0.5113809473137074
0.2594378347359017
0.325289757319482
0.2594378347359017
0.2594378347359017
0.2594378347359017
0.2594378347359017
0.2594378347359017
0.2594378347359017
0.325289757319482
0.5113809473137074
0.2594378347359017
0.325289757319482
0.2594378347359017
0.2594378347359017
0.325289757319482
0.3713089306898819
0.2594378347359017
0.40785657313506996
0.325289757319482
0.2594378347359017
0.2594378347359017
0.2594378347359017
0.2594378347359017
0.2594378347359017
0.3713089306898819
0.4386647541489796
0.2594378347359017
0.2594378347359017
0.325289757319482
0.5673848859428066
0.2594378347359017
0.3713089306898819
0.2594378347359017
0.5314194907246682
0.3713089306898819
0.40785657313506996
0.3713089306898819
0.3713089306898819
0.2594378347359017
0.3713089306898819
0.2594378347359017
0.3713089306898819
0.2594378347359017
0.325289757319482
0.3713089306898819
0.2594378347359017
0.325289757319482
0.2594378347359017
0.325289757319482
0.48957547494563797
0.325289757319482
0.2594378347359017
0.2594378347359017
0.2594378347359017
0.2594378347359017
0.2594378347359017
0.2594378347359017
0.2594378347359017
0.325289757319482
0.2594378347359017
0.2594378347359017
0.2594378347359017
0.2594378347359017
0.9593502495629089
0.2594378347359017
0.2594378347359017
0.2594378347359017
0.2594378347359017
0.3713089306898819
0.40785657313506996
0.2594378347359017
0.2594378347359017
0.2594378347359017
0.325289757319482
0.2594378347359017
0.2594378347359017
0.2594378347359017
0.2594378347359017
0.325289757319482
0.5991750132631716
0.2594378347359017
0.9869814262008307
0.325289757319482
0.2594378347359017
0.325289757319482
0.2594378347359017
0.2594378347359017
0.2594378347359017
0.2594378347359017
0.4386647541489796
0.2594378347359017
0.2594378347359017
0.325289757319482
0.2594378347359017
0.2594378347359017
0.2594378347359017
0.2594378347359017
0.325289757319482
0.3713089306898819
0.2594378347359017
0.2594378347359017
0.2594378347359017
0.2594378347359017
0.3713089306898819
0.325289757319482
0.2594378347359017
0.2594378347359017
0.2594378347359017
0.2594378347359017
0.2594378347359017
0.2594378347359017
0.2594378347359017
0.2594378347359017
0.325289757319482
0.325289757319482
0.2594378347359017
0.2594378347359017
0.2594378347359017
0.2594378347359017
0.891973429645812
0.2594378347359017
0.5837266881285209
0.2594378347359017
0.2594378347359017
0.2594378347359017
0.2594378347359017
0.2594378347359017
0.325289757319482
0.40785657313506996
0.2594378347359017
0.2594378347359017
0.3713089306898819
0.40785657313506996
0.2594378347359017
0.2594378347359017
0.2594378347359017
0.2594378347359017
0.2594378347359017
0.2594378347359017
0.2594378347359017
0.2594378347359017
0.2594378347359017
0.2594378347359017
0.5113809473137074
0.3713089306898819
0.2594378347359017
0.325289757319482
0.2594378347359017
0.2594378347359017
0.2594378347359017
0.2594378347359017
0.2594378347359017
0.2594378347359017
0.325289757319482
0.2594378347359017
0.2594378347359017
0.2594378347359017
0.40785657313506996
0.2594378347359017
0.6663072768420252
0.2594378347359017
0.6278195351121536
0.2594378347359017
0.2594378347359017
0.2594378347359017
0.40785657313506996
0.2594378347359017
0.2594378347359017
0.2594378347359017
0.2594378347359017
0.2594378347359017
0.2594378347359017
0.2594378347359017
0.2594378347359017
0.2594378347359017
0.325289757319482
0.2594378347359017
0.2594378347359017
0.2594378347359017
0.5673848859428066
0.2594378347359017
0.550009028432527
0.2594378347359017
0.2594378347359017
0.2594378347359017
0.3713089306898819
0.2594378347359017
0.2594378347359017
0.2594378347359017
0.2594378347359017
0.2594378347359017
0.2594378347359017
0.2594378347359017
0.40785657313506996
0.2594378347359017
0.2594378347359017
0.325289757319482
0.2594378347359017
0.325289757319482
0.2594378347359017
0.325289757319482
0.7217965753732191
0.325289757319482
0.325289757319482
0.2594378347359017
0.2594378347359017
0.2594378347359017
0.2594378347359017
0.2594378347359017
0.2594378347359017
0.2594378347359017
0.2594378347359017
0.325289757319482
0.5991750132631716
0.2594378347359017
0.2594378347359017
0.2594378347359017
0.7217965753732191
0.2594378347359017
0.2594378347359017
0.2594378347359017
0.325289757319482
0.325289757319482
0.325289757319482
0.2594378347359017
0.2594378347359017
0.2594378347359017
0.2594378347359017
0.2594378347359017
0.2594378347359017
0.2594378347359017
0.2594378347359017
0.2594378347359017
0.9975993442896616
0.2594378347359017
0.2594378347359017
0.2594378347359017
0.2594378347359017
0.2594378347359017
0.40785657313506996
0.2594378347359017
0.3713089306898819
0.2594378347359017
0.2594378347359017
0.325289757319482
0.2594378347359017
0.2594378347359017
0.2594378347359017
0.2594378347359017
0.325289757319482
0.2594378347359017
0.2594378347359017
0.2594378347359017
0.2594378347359017
0.2594378347359017
0.5113809473137074
0.2594378347359017
0.2594378347359017
0.2594378347359017
0.325289757319482
0.2594378347359017
0.48957547494563797
0.2594378347359017
0.2594378347359017
0.2594378347359017
0.3713089306898819
0.2594378347359017
0.5314194907246682
0.2594378347359017
0.40785657313506996
0.2594378347359017
0.2594378347359017
0.2594378347359017
0.2594378347359017
0.325289757319482
0.6138421853418234
0.325289757319482
0.3713089306898819
0.2594378347359017
0.2594378347359017
0.2594378347359017
0.2594378347359017
0.2594378347359017
0.2594378347359017
0.2594378347359017
0.325289757319482
0.2594378347359017
0.2594378347359017
0.2594378347359017
0.325289757319482
0.2594378347359017
0.2594378347359017
0.325289757319482
0.2594378347359017
0.2594378347359017
0.2594378347359017
0.40785657313506996
0.40785657313506996
0.2594378347359017
0.2594378347359017
0.2594378347359017
0.3713089306898819
0.2594378347359017
0.2594378347359017
0.2594378347359017
0.2594378347359017
0.2594378347359017
0.2594378347359017
0.2594378347359017
0.325289757319482
0.2594378347359017
0.2594378347359017
0.325289757319482
0.5113809473137074
0.2594378347359017
0.4386647541489796
0.2594378347359017
0.2594378347359017
0.325289757319482
0.2594378347359017
0.2594378347359017
0.4386647541489796
0.2594378347359017
0.2594378347359017
0.2594378347359017
0.2594378347359017
0.2594378347359017
0.2594378347359017
0.2594378347359017
0.2594378347359017
0.2594378347359017
0.2594378347359017
0.2594378347359017
0.2594378347359017
0.2594378347359017
0.325289757319482
0.2594378347359017
0.2594378347359017
0.2594378347359017
0.2594378347359017
0.2594378347359017
0.2594378347359017
0.2594378347359017
0.325289757319482
0.2594378347359017
0.2594378347359017
0.2594378347359017
0.40785657313506996
0.2594378347359017
0.3713089306898819
0.2594378347359017
0.2594378347359017
0.2594378347359017
0.2594378347359017
0.2594378347359017
0.550009028432527
0.2594378347359017
0.2594378347359017
0.2594378347359017
0.3713089306898819
0.2594378347359017
1.1306808507420942
0.2594378347359017
0.2594378347359017
0.2594378347359017
0.5673848859428066
0.2594378347359017
0.325289757319482
0.325289757319482
0.48957547494563797
0.2594378347359017
0.325289757319482
0.2594378347359017
0.3713089306898819
0.2594378347359017
0.8120445327624772
0.2594378347359017
0.5113809473137074
0.2594378347359017
0.2594378347359017
0.2594378347359017
0.325289757319482
0.2594378347359017
0.2594378347359017
0.2594378347359017
0.325289757319482
0.325289757319482
0.2594378347359017
0.2594378347359017
0.2594378347359017
0.2594378347359017
0.2594378347359017
0.2594378347359017
0.5673848859428066
0.2594378347359017
0.2594378347359017
0.2594378347359017
0.4386647541489796
0.2594378347359017
0.2594378347359017
0.2594378347359017
0.3713089306898819
0.2594378347359017
0.3713089306898819
0.2594378347359017
0.325289757319482
0.2594378347359017
0.3713089306898819
0.2594378347359017
0.2594378347359017
0.2594378347359017
0.5113809473137074
0.2594378347359017
0.2594378347359017
0.2594378347359017
0.2594378347359017
0.2594378347359017
0.3713089306898819
0.2594378347359017
0.325289757319482
0.2594378347359017
0.5991750132631716
0.2594378347359017
0.2594378347359017
0.2594378347359017
0.2594378347359017
0.2594378347359017
0.4386647541489796
0.2594378347359017
0.40785657313506996
0.325289757319482
0.4386647541489796
0.2594378347359017
0.2594378347359017
0.325289757319482
0.3713089306898819
0.2594378347359017
0.2594378347359017
0.325289757319482
0.48957547494563797
0.325289757319482
0.2594378347359017
0.2594378347359017
0.550009028432527
0.2594378347359017
0.6663072768420252
0.2594378347359017
0.2594378347359017
0.2594378347359017
0.2594378347359017
0.2594378347359017
0.2594378347359017
0.2594378347359017
0.2594378347359017
0.2594378347359017
0.4386647541489796
0.2594378347359017
0.325289757319482
0.2594378347359017
0.46555658343980844
0.2594378347359017
0.2594378347359017
0.2594378347359017
0.2594378347359017
0.2594378347359017
0.2594378347359017
0.2594378347359017
0.2594378347359017
0.2594378347359017
0.5113809473137074
0.2594378347359017
0.2594378347359017
0.2594378347359017
0.325289757319482
0.325289757319482
0.4386647541489796
0.2594378347359017
0.2594378347359017
0.2594378347359017
0.325289757319482
0.2594378347359017
0.325289757319482
0.2594378347359017
0.2594378347359017
0.2594378347359017
0.325289757319482
0.2594378347359017
0.2594378347359017
0.2594378347359017
0.2594378347359017
0.2594378347359017
0.2594378347359017
0.2594378347359017
0.2594378347359017
0.2594378347359017
0.2594378347359017
0.2594378347359017
0.2594378347359017
0.2594378347359017
0.2594378347359017
0.2594378347359017
0.3713089306898819
0.2594378347359017
0.2594378347359017
0.2594378347359017
0.2594378347359017
0.2594378347359017
0.9923197018822508
0.2594378347359017
0.325289757319482
0.2594378347359017
0.6278195351121536
0.325289757319482
0.2594378347359017
0.2594378347359017
0.2594378347359017
0.2594378347359017
0.2594378347359017
0.2594378347359017
0.2594378347359017
0.2594378347359017
0.3713089306898819
0.2594378347359017
0.5991750132631716
0.2594378347359017
0.2594378347359017
0.2594378347359017
0.2594378347359017
0.2594378347359017
0.6278195351121536
0.325289757319482
0.325289757319482
0.2594378347359017
0.2594378347359017
0.2594378347359017
0.3713089306898819
0.2594378347359017
0.2594378347359017
0.2594378347359017
0.325289757319482
0.2594378347359017
0.7006832533855564
0.325289757319482
0.2594378347359017
0.325289757319482
0.2594378347359017
0.2594378347359017
0.2594378347359017
0.2594378347359017
0.7006832533855564
0.2594378347359017
0.6278195351121536
0.2594378347359017
0.2594378347359017
0.2594378347359017
0.2594378347359017
0.2594378347359017
0.40785657313506996
0.2594378347359017
0.46555658343980844
0.2594378347359017
0.2594378347359017
0.2594378347359017
0.2594378347359017
0.2594378347359017
0.2594378347359017
0.2594378347359017
0.2594378347359017
0.2594378347359017
0.2594378347359017
0.2594378347359017
0.2594378347359017
0.2594378347359017
0.2594378347359017
0.2594378347359017
0.325289757319482
0.2594378347359017
0.4386647541489796
0.2594378347359017
0.325289757319482
0.2594378347359017
0.2594378347359017
0.2594378347359017
0.325289757319482
0.2594378347359017
0.2594378347359017
0.2594378347359017
0.8985389524469903
0.2594378347359017
0.2594378347359017
0.2594378347359017
0.5837266881285209
0.2594378347359017
0.2594378347359017
0.2594378347359017
0.2594378347359017
0.2594378347359017
0.2594378347359017
0.2594378347359017
0.2594378347359017
0.2594378347359017
0.40785657313506996
0.2594378347359017
0.2594378347359017
0.2594378347359017
0.2594378347359017
0.2594378347359017
0.2594378347359017
0.2594378347359017
0.2594378347359017
0.2594378347359017
0.2594378347359017
0.2594378347359017
0.325289757319482
0.2594378347359017
0.2594378347359017
0.2594378347359017
0.2594378347359017
0.2594378347359017
0.325289757319482
0.2594378347359017
0.7217965753732191
0.2594378347359017
0.325289757319482
0.2594378347359017
0.325289757319482
0.2594378347359017
0.2594378347359017
0.2594378347359017
0.325289757319482
0.2594378347359017
0.2594378347359017
0.2594378347359017
0.2594378347359017
0.2594378347359017
0.2594378347359017
0.325289757319482
0.2594378347359017
0.2594378347359017
0.2594378347359017
0.2594378347359017
0.2594378347359017
0.2594378347359017
0.2594378347359017
0.2594378347359017
0.2594378347359017
0.2594378347359017
0.2594378347359017
0.2594378347359017
0.325289757319482
0.2594378347359017
0.2594378347359017
0.325289757319482
0.2594378347359017
0.2594378347359017
0.2594378347359017
0.2594378347359017
0.4386647541489796
0.325289757319482
0.2594378347359017
0.2594378347359017
0.2594378347359017
0.2594378347359017
0.2594378347359017
0.2594378347359017
0.2594378347359017
0.2594378347359017
0.2594378347359017
0.2594378347359017
0.2594378347359017
0.2594378347359017
0.6138421853418234
0.2594378347359017
0.2594378347359017
0.2594378347359017
0.2594378347359017
0.2594378347359017
0.325289757319482
0.2594378347359017
0.2594378347359017
0.2594378347359017
0.2594378347359017
0.2594378347359017
0.40785657313506996
0.2594378347359017
0.2594378347359017
0.2594378347359017
0.2594378347359017
0.2594378347359017
0.2594378347359017
0.2594378347359017
0.2594378347359017
0.2594378347359017
0.2594378347359017
0.2594378347359017
0.2594378347359017
0.2594378347359017
0.2594378347359017
0.2594378347359017
0.2594378347359017
0.2594378347359017
0.40785657313506996
0.3713089306898819
0.2594378347359017
0.2594378347359017
0.4386647541489796
0.2594378347359017
0.46555658343980844
0.2594378347359017
0.2594378347359017
0.2594378347359017
0.48957547494563797
0.2594378347359017
0.325289757319482
0.2594378347359017
0.325289757319482
0.2594378347359017
0.2594378347359017
0.2594378347359017
0.2594378347359017
0.2594378347359017
0.2594378347359017
0.2594378347359017
0.2594378347359017
0.2594378347359017
0.550009028432527
0.2594378347359017
0.2594378347359017
0.2594378347359017
0.8120445327624772
0.2594378347359017
0.2594378347359017
0.2594378347359017
0.3713089306898819
0.2594378347359017
0.2594378347359017
0.2594378347359017
0.2594378347359017
0.2594378347359017
0.2594378347359017
0.2594378347359017
0.2594378347359017
0.2594378347359017
0.325289757319482
0.2594378347359017
0.2594378347359017
0.2594378347359017
0.7114016043302144
0.2594378347359017
0.3713089306898819
0.2594378347359017
0.40785657313506996
0.2594378347359017
0.2594378347359017
0.2594378347359017
0.2594378347359017
0.325289757319482
0.2594378347359017
0.2594378347359017
0.2594378347359017
0.2594378347359017
0.2594378347359017
0.2594378347359017
0.325289757319482
0.2594378347359017
0.3713089306898819
0.2594378347359017
0.325289757319482
0.2594378347359017
0.2594378347359017
0.2594378347359017
0.2594378347359017
0.2594378347359017
0.325289757319482
0.2594378347359017
0.325289757319482
0.2594378347359017
0.2594378347359017
0.2594378347359017
0.6278195351121536
0.2594378347359017
0.325289757319482
0.325289757319482
0.325289757319482
0.2594378347359017
0.325289757319482
0.325289757319482
0.2594378347359017
0.2594378347359017
0.3713089306898819
0.2594378347359017
0.2594378347359017
0.2594378347359017
0.2594378347359017
0.2594378347359017
0.325289757319482
0.2594378347359017
0.2594378347359017
0.2594378347359017
0.325289757319482
0.2594378347359017
0.2594378347359017
0.2594378347359017
0.40785657313506996
0.2594378347359017
0.2594378347359017
0.2594378347359017
0.2594378347359017
0.2594378347359017
0.2594378347359017
0.2594378347359017
0.3713089306898819
0.2594378347359017
0.2594378347359017
0.2594378347359017
0.40785657313506996
0.2594378347359017
0.2594378347359017
0.2594378347359017
0.40785657313506996
0.2594378347359017
0.2594378347359017
0.2594378347359017
0.2594378347359017
0.2594378347359017
0.325289757319482
0.2594378347359017
0.2594378347359017
0.2594378347359017
0.4386647541489796
0.2594378347359017
0.2594378347359017
0.2594378347359017
0.3713089306898819
0.2594378347359017
0.2594378347359017
0.2594378347359017
0.2594378347359017
0.2594378347359017
0.2594378347359017
0.2594378347359017
0.2594378347359017
0.2594378347359017
0.2594378347359017
0.2594378347359017
0.2594378347359017
0.2594378347359017
0.2594378347359017
0.2594378347359017
0.40785657313506996
0.2594378347359017
0.40785657313506996
0.2594378347359017
0.5673848859428066
0.2594378347359017
0.5314194907246682
0.2594378347359017
0.2594378347359017
0.2594378347359017
0.2594378347359017
0.2594378347359017
0.2594378347359017
0.2594378347359017
0.2594378347359017
0.2594378347359017
0.8039308566934782
0.2594378347359017
0.2594378347359017
0.2594378347359017
0.2594378347359017
0.2594378347359017
0.2594378347359017
0.2594378347359017
0.2594378347359017
0.2594378347359017
0.2594378347359017
0.2594378347359017
0.325289757319482
0.2594378347359017
0.2594378347359017
0.2594378347359017
0.40785657313506996
0.2594378347359017
0.2594378347359017
0.2594378347359017
0.2594378347359017
0.2594378347359017
0.46555658343980844
0.2594378347359017
0.2594378347359017
0.2594378347359017
0.2594378347359017
0.2594378347359017
0.5314194907246682
0.2594378347359017
0.5673848859428066
0.2594378347359017
0.8354330146363723
0.2594378347359017
0.2594378347359017
0.2594378347359017
0.6138421853418234
0.2594378347359017
0.2594378347359017
0.2594378347359017
0.2594378347359017
0.2594378347359017
0.4386647541489796
0.2594378347359017
0.2594378347359017
0.2594378347359017
0.2594378347359017
0.2594378347359017
0.46555658343980844
0.2594378347359017
0.2594378347359017
0.2594378347359017
0.2594378347359017
0.2594378347359017
0.2594378347359017
0.2594378347359017
0.2594378347359017
0.2594378347359017
0.46555658343980844
0.2594378347359017
0.550009028432527
0.2594378347359017
0.2594378347359017
0.2594378347359017
0.3713089306898819
0.2594378347359017
0.2594378347359017
0.2594378347359017
0.2594378347359017
0.2594378347359017
0.40785657313506996
0.2594378347359017
0.40785657313506996
0.2594378347359017
0.5113809473137074
0.2594378347359017
0.2594378347359017
0.2594378347359017
0.40785657313506996
0.2594378347359017
0.2594378347359017
0.2594378347359017
0.7114016043302144
0.2594378347359017
0.2594378347359017
0.2594378347359017
0.2594378347359017
0.2594378347359017
0.325289757319482
0.2594378347359017
0.2594378347359017
0.2594378347359017
0.2594378347359017
0.2594378347359017
0.2594378347359017
0.2594378347359017
0.4386647541489796
0.2594378347359017
0.2594378347359017
0.2594378347359017
0.2594378347359017
0.2594378347359017
